symbol	Astrocyte	Endothelial	Microglia	MO	Neuron	OPC
Hgf	139.792198066164	1	1	1	3.76873534168206	3.03709408386087
Aqp4	1568.14548006963	4.37069227074305	2.36222039857118	4.77974679977381	60.5022378501986	51.6127065980936
Ppp1r3c	514.303821311756	1.98349211709953	2.62631434497328	5.93704454837254	14.3382157647728	16.1095883933121
Plcd4	166.465935143047	1	1	1.50900697439993	3.62594912040713	6.7756767117519
Pla2g3	232.541446367734	1	1	2.9230257673563	12.5653082683709	2.24864259927328
Bmpr1b	147.153095999548	1	1	1	4.57874824113294	5.76360492951494
Itih3	336.60377685686	1	1.75732263627546	5.49355907450366	10.579144117237	12.6507485333923
Slc14a1	260.690810990296	1	2.30183456072928	1	9.37360598287611	12.1040458769287
Grhl1	112.125424685375	1	1.52373398052165	1.22068258976655	4.38883094984325	2.98764223539379
Atp13a4	373.865442169382	1	1	1.17081106327282	7.55798033211086	27.1575707094323
Tnc	577.997155524882	2.36018404968664	1	1	53.6826922574388	1.57816615382829
Slc30a10	317.322541133776	4.61030067798537	1	1	20.1575124704957	6.4797688416256
Grm3	776.529475972489	6.24762449202878	2.13910628341217	9.62956786763123	29.9808092079984	35.1688548310847
Fgfr3	1439.38457338161	2.83475135352653	9.59358692735042	14.3426002396241	48.6968891718372	85.512161541429
Phkg1	136.640105636933	1	1.96886856194121	2.08516328083093	3.95529861146617	6.43386169067243
Itga7	210.895672007628	6.80798750281868	1.52941511086817	1.48681589310117	8.42353634172036	5.87830301136903
Nwd1	261.377236297547	1	1	1.94266336067999	7.70005205685051	18.8544291467044
Cbs	445.050797140927	1	5.78654641247573	6.10017916556996	19.0614747853647	21.23341775656
Paqr6	108.156527154842	1	1	2.24570280376756	5.8624594928223	2.88800396912331
Aldh1l1	708.182757691161	1.75956697149401	8.1601123748102	8.18926197996059	40.9373565634897	28.9992596080049
Slc4a4	1308.39496248534	2.38769863919022	2.30017321621942	6.02969479191664	64.54960370946	88.020178056142
Fmo1	320.826830248523	10.0015306261187	1.28370865835026	1	10.9030474998131	17.040237398117
Ptx3	103.983446186649	1	1	1	9.06071818357432	1
Gdpd2	347.786343930152	1	1	1	24.3977127202107	16.4741087008558
Egfr	189.308043512423	1	1.37157903396701	1	14.2336602483986	6.70744414508171
Slc6a11	2742.65944961023	3.90185664435295	12.5296794099252	26.6405788232001	180.491069576342	133.420286231878
Ccdc80	241.899436894919	3.07975246804688	6.73106807429625	1	9.12524133292106	12.8041133382241
Cth	121.272756087663	1.8161623014552	1.15915791090033	1.42146960439296	5.97154101063047	6.23668131237468
St6galnac5	299.874156172669	1	1	1	35.3558792584977	5.1328730330832
Daam2	914.308030552745	6.95859176886491	2.58480856044314	90.9885865367058	18.2285902863904	14.2126694918357
Chrdl1	238.639772278273	1	1	1.64537548013157	10.457849334912	21.1198592869473
AI464131	468.037144554428	1.32114621415198	2.62162111630348	17.2439778113334	16.8649068253773	32.9068023367621
Cyp4f15	199.640962038783	1	2.51085090153832	3.1199251828731	4.04509643321585	20.067631047658
Entpd2	390.775747220705	2.35375630514618	3.87917542561542	4.35686072698026	25.981160408716	24.6694585065179
Sorcs2	258.942318848462	1	1.28304078116037	2.02581058417841	24.0245913209053	13.3211334437175
Dio2	548.207264606701	1	1.87921439766313	5.68040249975988	14.7673943005212	66.2954958884198
Slc15a2	789.988721959719	10.4014066683145	6.40175452889041	4.01942956189503	28.0384323858994	85.2789346329575
Sox9	455.747618781323	10.8422908505947	1	1.11169367309473	42.5090973033683	24.7533962113662
Fzd10	105.786521581257	1	1.28112898270431	1.39652543734344	10.0491033439677	5.1332231549164
Kcnn3	103.704403607724	1	1	1	8.09765652808088	7.80542850237649
AU021092	4.90783773442604	1084.23396659247	1.18130221397768	1	3.3968835872991	1.3381336092004
Cldn5	53.9984701691561	12307.1012337441	30.6066131836529	5.82939183632334	42.1939786299923	17.3738073932813
Icam2	3.3761285721717	781.510594929157	3.75707773542754	1	2.21887927086095	1
Slco1a4	5.32341102612793	718.006081273818	1	1	1.28903913412696	2.78365850931758
Apold1	14.5097466342417	2704.19256532088	10.1443184581351	1.22972340066605	11.8086564375014	8.5189836635731
Flt1	6.50895878431969	760.961742758166	1.14931785363593	1	2.56747904627001	2.37610296520422
Slc38a5	13.7364309886999	1376.74607753976	2.30630933790155	1	5.27081266937009	2.53893936655639
Ctla2a	14.4368902321158	2323.49697809008	7.90930361884368	1.80930677782098	8.39456325020132	11.859528111431
Nostrin	1.80790017525728	302.838046903832	1	1	1	1
Tek	4.31459392513949	432.873147946212	1	1	1	1.05056916524305
Esam	12.9587580323326	1689.94165169508	6.43993762440084	1	8.86803286074325	5.22074674808255
Car4	12.9681197306336	2183.16565808044	8.27769493691225	2.43964408074875	12.3381600533036	9.0472557236668
Aplnr	2.24583820744696	315.591569406675	1.31652508235775	1	1.04540609611961	1
Ly6c1	17.3009179148346	3611.08351383041	28.0957608907037	7.67547533533634	8.089689120673	15.0656463707419
Emcn	3.08951790284689	358.491980565701	1	1	1.02543103470863	1.51601609586821
Tie1	8.80624819672601	920.8849314496	4.0861102158493	1	4.32900343060432	1.60708667492625
Cd93	7.71834996386096	659.502487008889	1.48439740544784	1	3.89263366713747	1.02219556648584
Lsr	5.47543467299259	639.418790734616	2.88856467204913	1	4.0857250707332	1.36961024851853
Kdr	11.0930343003158	970.725932704893	3.40400585040211	1.09963421628048	3.64972283605968	3.47168452560449
Abcb1a	5.78145272108172	477.82210086717	1.00505498920851	1	1.40544809661896	2.07836210430411
Pglyrp1	17.345179925987	1951.08916080396	16.6243732390754	2.12171814163277	7.38164875551733	4.06658271101605
Prnd	3.48171032228747	514.79013160658	1	1	6.24425251554516	1
Ocln	2.42664077284689	307.657234777985	1.68989486831264	1	1.79494123308182	1
Cdh5	7.36157453444476	663.321605928537	2.30080074249576	1	2.90654877436667	3.96874539822746
Slc16a4	4.59636505161068	408.869877944919	1	1	3.2809680900401	1.70081634921423
Ly6c2	1	303.170689028162	4.16006091770006	1	1	1.57896708612647
Ptprb	3.93149256357596	336.890473746714	1	1.76370270231699	1.2336682227736	1.86527749894268
Tm4sf1	7.48705573682293	511.936445052978	1.06775752605284	1	2.04814801063573	3.59176944925828
Wfdc1	5.79082672122017	546.746403160782	3.11605894844518	1	1.39060815778892	5.60897694003003
Cd40	1.17542580633622	235.446448090395	3.09362384050807	1	1.00832423996448	1.0886042958942
Myct1	1	159.505535748306	1	1	1	1
Slc22a8	7.1707804166663	681.935373460701	2.03080025719555	1	4.03671009438619	8.11324509158759
Erg	3.30394631073819	235.995942303592	1	1	1.53460748109499	1
Sox17	1.29953166328725	161.375287965044	1.03971224972064	1	1.03651087126843	1
Nos3	4.41169970925081	323.928290632042	1.55591174696631	1	2.43756404315594	1.41923601371321
Akr1c14	1.03168621681176	146.915152157165	1	1	1	1
Robo4	4.09462969039478	297.317694697703	1.07501790767129	1	2.8298380618173	1.20728644383719
Ly6a	6.01200145677016	943.235576849578	13.1691579051384	5.94258265432417	1.60565105385908	6.4262551222178
Mmrn2	2.13671844888	169.869149961481	1	1	1	1
Foxq1	5.01693534968559	319.364374487347	1	1	2.6721142367183	1.93745980603186
Gpr84	1	1	517.604520229915	1	1.67203754848669	7.41345681240754
Tnf	1.90317544595574	23.7840052423808	1478.12999024147	1.05089384162451	1	19.4830465818689
Ncf1	1.39056280006476	2.89998407850614	1107.834874329	2.96047311200042	1	28.9174821319836
Ccl3	6.52564499663962	4.04553286763729	6776.2714927091	5.48826299806858	8.40977071782468	214.930884746256
Osm	1	1	577.778858062701	1	1	16.5455770340106
Slfn2	1	1.51039670512847	178.229893343546	1	1	2.04582136921841
Ccl4	7.32438854019478	1.54749671852657	7704.33876855807	10.3971796062172	7.33991753161998	258.148001599011
Bcl2a1b	2.23596721307546	2.83768426121589	1561.63131781933	3.5024108147685	4.7784397422201	44.9850719239576
Gdf15	25.6365470179958	47.8392953826538	2133.70540407441	1	2.22213305724108	9.07901154510029
Lrrc25	1	1	352.248199044191	1	1	10.2849409807866
Cd83	8.06689792438923	50.1749448800688	5103.3099339696	5.18704886091833	8.93623643828615	152.25570582258
Tmem119	2.65177670005644	1	2448.57164160296	9.56138781666674	1.07916734247766	94.0506238784936
P2ry6	1	1	353.338141224235	1	1	12.351362328714
Ccl9	1	1	571.677852806651	1.87428161845171	1	22.1334619940628
C1qa	10.5704276416788	1.71235767120866	10933.6799375409	69.262756560699	12.401195096557	434.801803200354
Tlr2	1	3.81450566249721	433.465165398311	1	1	14.8259593711913
Gna15	1	1	276.099361697722	1	1	9.83352180726938
Selplg	4.82461580406307	7.6733928527239	3883.66635428441	18.6333045513199	1.13800022085631	172.202421265372
Slc15a3	1.18786050363273	1.31245987691625	1052.01373358312	3.544611350196	1.39518813198274	47.973359481946
Bcl2a1c	1	1	119.782530085809	1	1	2.74455241776488
Pld4	1.55404191796474	1	1639.69536675259	8.07357187104926	2.95775607281655	79.1220353309927
Irf8	1.02871901361833	4.02046176364993	693.678091364068	2.15897892185789	4.95720780340159	27.4380160094479
Ptafr	1	1	265.153440339349	1	1	11.3556135467137
Ccr7	1	1.79879143965845	124.532344650524	1	1	2.47310959678071
C1qb	5.65793981269588	1.47060305710342	5292.56621395879	34.90072351706	9.83526840966586	262.113623361276
C1qc	4.98678846682565	1.16054142170142	4957.53161863022	31.1091916371661	11.9014484623576	245.901172377098
Cd14	19.4813472525491	7.57927334348122	1486.21295306097	3.43036837610238	5.02226811021551	53.0158003934317
Trem2	2.58938424086725	1	2382.03218091374	19.4414965721809	5.64515231096945	116.159062459183
Gpr183	1	1	528.151301482679	1	1	28.1238955271757
Cd37	1	1.50374962694745	891.381633351633	6.61860639002198	1.23789608896262	44.8923971919253
Crybb1	5.38063179285229	1	1836.09881482808	16.9462646983704	5.44215048061089	88.8667245928829
C5ar1	1	1	269.442812020888	1	1	13.2859175947559
Hck	1	1	283.742347895685	1	3.37416876579237	11.9384039241549
Ccl12	1	1	252.950039807848	1	2.68605205941925	10.833904554709
Ccrl2	8.18978097869753	113.007271621431	2966.50763345645	4.40595910362946	1.93755011528864	67.313130717562
Csf1r	7.91414108801243	1.93151185696351	8297.83513812307	54.8711924052682	9.8690296560239	473.810352641029
Lag3	3.60618031362707	3.23120325318516	1352.17605507815	9.27913770059458	6.14031640084363	69.5815632097341
Plau	3.6782567792585	3.03889659263867	590.194939911091	9.59021454054427	2.06656557240505	21.8332336662823
Cd300a	1	1	158.546081836209	1	1	6.86018193434293
Tbxas1	1	1	322.678648864073	2.41719920460971	1.24151226387323	16.6168737388158
Mog	1	1	2.59410318466913	5752.93940640908	3.5874125698672	10.7738987069301
Cldn11	1	2.57496243867874	5.17862928871738	11277.9723253126	7.35101792923115	42.0869830730114
Mobp	1	1	8.5288585026359	8466.39288098613	1	35.4210340861089
Mbp	8.35840718538744	2.45243469129784	480.78269339933	317412.195787913	61.2201141083059	1223.98848871659
Opalin	1	1	1.67464500581011	898.30618164655	1	2.27197718968599
Plp1	20.7413235876931	1.03844509090276	18.2963829128071	34977.5465546715	28.61254320266	248.663624487538
Mag	1.49085476007615	1	41.0693253951391	6707.74265071505	3.72253722937345	22.28354526485
Mal	2.6248602797114	94.9975090565026	3.06943972917992	8608.82911207824	1	17.1858629085705
Gjc2	1.29964484019181	1	1.07934380388665	687.027523629767	3.19701731727525	3.25837337082158
Tmem125	1	1	1	361.075062172302	1	1.23763948955988
Ermn	1	1	1	403.41211737398	1	2.41130279551985
Ppp1r14a	1	13.4525641927275	1.21363303561169	857.571504709084	1.19786115180372	3.27049033230391
Nkx6-2	1	1	1	178.57099252212	1	1
S1pr5	1	1	1	236.304005799986	1.14391923352094	3.0803032371582
Tmem88b	1.45921689451703	1.25184584711123	1	657.190734945446	1.55026215158577	17.1226327361969
Hapln2	1	1	1	141.307825617048	1	1
Enpp6	1	1	1	163.273204307061	1.39720311501751	2.64954582855582
Cldn14	1	1	1	105.012849050884	1	1
Lgi3	13.2226127627386	1	4.50632462962103	866.214476229227	9.76727301276814	22.5157835940277
Cnp	246.402517113131	26.6832678763502	112.237177793132	15844.5826905195	48.7210381266773	533.524187369228
Gpr37	26.5906898326125	1	1	641.895773769602	7.24157402289249	4.95846659258946
Lpar1	13.3302464593414	2.56327975013861	1	459.471839420045	2.16315111123995	11.2550210268194
Gsn	16.2752940435192	2.82046747676994	15.6343900117855	4722.10207348515	9.5491922213573	274.45857136647
Fa2h	1	1	1	1286.84184553629	1.66284675852198	84.7531523281222
Gpr62	1.70395949025761	1	1.10264715217062	198.572014275271	6.07001559606047	4.99831640699046
Gjb1	1	1	1	603.38010411638	1	44.1311751170975
Aspa	32.7596209090232	1	1	414.306486114572	1.25782231787659	2.52596426332602
Pdlim2	5.47079688027318	28.4798406021571	17.5806244940434	685.556866568416	9.05775996230772	7.8536812407743
Plekhb1	77.3691196035557	3.14140878581319	17.272031838454	6920.7054055731	29.7433804672435	590.305612153315
Kndc1	1.32202680325203	1	1	187.953604564082	13.8082418149204	6.12372926293061
Ndrg1	3.82531048379254	45.5124554843552	7.22644510873623	853.636087962361	47.8192509744133	4.35051778747369
Adssl1	1	1	20.5332358057816	232.874108036832	3.87837457800878	4.67500292199874
Tspan2	2.29154691468372	90.9425013381285	1.01920702858016	1849.56848538333	56.2268782026322	114.481541797956
Adamts4	2.40537335625983	13.8560093914378	1.11670735842866	204.461595826992	5.42262262206731	6.64160293341605
Ugt8a	1.51722005810334	1	1	1988.67637362513	9.78723265339059	283.931925361142
Cdk18	1	1	10.0715462812423	109.172410341341	3.35730099327046	1.37960130684371
Gamt	43.7848720849783	30.2009208640958	22.6734315638597	881.250744828609	21.6333487563662	20.6271371790024
Map6d1	4.14825093948068	1	2.56603425435312	267.594533010146	5.05298889110145	31.6462081275366
Cryab	25.2266547148293	24.203476298249	14.7466824362518	1818.65332914574	103.156079814985	135.558656472339
Prr18	12.8766654106477	20.3133313452317	7.42299580007811	637.489915511604	37.9146506995104	33.3444843771766
Reln	6.04239191601164	2.28478040687947	1	1	4354.50489140393	1.7616986457652
Snhg11	2.86410149374344	1.39380909278961	6.75888655066605	2.64331696120792	1567.19940761067	7.01101579311251
Trp73	1.05627758987836	1	1	1	374.001751561583	1
Nhlh2	1	1	1	1	343.689238622144	1
Slc17a6	1	1	1	1	320.306170095064	1
Sst	10.2966994565337	9.18527051309477	6.99132729249973	13.9480652354776	3628.16097550881	17.0247199069344
Dlx1	3.18043586271984	1	1	1.16416365537033	310.455357530558	1.05954647211655
Islr2	1.88952286675148	6.13438851523852	1.51399827906817	3.33532136804021	701.385793728753	4.41590132354039
Nxph4	1	4.45868856479743	1	1	364.359453759336	2.03883723957836
Npy	3.41802370979832	7.51625208165429	5.23415214577038	10.8116971723239	3322.63884131523	60.414439958323
Ebf3	1	1	3.89723315513712	1	275.998538514886	1
5330417C22Rik	1	1	1	1	179.293565672806	1.24941548272099
Dlx6os1	1	1	1	1	164.448694760571	1
Lhx5	1	1	1	1	158.786998513639	1
Mab21l1	1.23844811960296	1	1	1	161.936291060541	1.10710583198195
Celf6	1	1	1	1	176.73274583705	2.2815197259242
Igfbpl1	1.9749591278558	1	1	1	167.077723314133	1.07902972236406
Ecel1	1.17452039109975	1	1	1	170.570698975034	2.17078053800107
Clstn2	1	1.21275551687572	1	1	326.430400043338	8.72180718200596
Mrap2	1	1	1	1	123.064834405418	1
Gdf5	1.59116640302747	1	1	1	133.225160186669	1
Dlx1as	1	1	1	1	124.1512572289	1.38349383781282
Grm2	1.03267282417541	1	1.52685074074114	1.6082340339042	188.822890778272	3.23897707893787
Tmem130	1.5115120055256	2.33301930640311	2.28018281707948	4.01128459635888	759.551517392911	24.1292708622054
Npas4	9.95762637121101	1	1.01735506078902	1.0742194362821	425.991978865994	6.28246946767213
Slc32a1	1	1.3058563029284	1.33737954761212	3.01013286266717	249.838643456697	5.04700851396327
Dpysl5	4.98160201215588	1.14143764287684	1.95573503528416	11.1996772103971	527.979443054626	5.66807201336709
Tbr1	1.04243802274483	1	1.91855375555856	2.32495570511426	216.23039959233	4.12819728852536
Dlx2	3.06424746835294	1	1	2.45310865336742	159.136981019753	1
March4	1	1	1	1	112.029322332121	2.2305918736505
Cacna2d2	10.5502772319324	1	1	1	460.87019405947	12.2978577628181
Bcl11a	3.92075551984783	1.02573280312434	1.57817849419513	3.1782929538541	308.765154293182	7.80464587710227
Lhx6	1	3.83930305260255	1	1	110.819689978405	1
Meg3	14.3545860188268	2.12375144854553	34.4126324029913	6.70297552642687	1891.85624477409	77.4398807043258
L1cam	1.55123955939317	1	1.05353313331896	1.18923892174132	310.181849284903	17.9062694734834
Celf4	5.20191561908423	2.04997377495798	5.71330254731761	7.99303991093802	623.419746748721	24.8405170500053
Dync1i1	1.50410383901199	14.7158897088107	2.00208292944101	6.46286207688201	442.905520288268	9.45031918177642
Vstm2l	1	1.85464901101051	6.07279857606331	7.00871931320979	320.388632761735	8.78206475136436
Bhlhe22	1.04297192249025	1	1.10405525991265	1.73620041773836	125.896001225181	4.91621626967193
Nppc	3.76637484092737	1	1	3.67523501643062	154.889098647218	3.29526888923133
Pdgfra	1	1.42162639897065	1	2.42939984530862	45.5034880294725	2723.22462501144
C1ql1	3.04555851689582	1	1.84343148580387	5.58758081864155	42.91496474712	1611.24523670239
Susd5	1	1	1	1	1.34396027248148	115.487881193316
Neu4	1	1	1	16.0299224603429	2.31308486799918	454.269519938036
Matn4	2.468924648537	1	1.81438995933008	61.0684119608908	26.1584891963012	1670.47846857251
3110035E14Rik	1.46770024162395	1.6684401882063	3.93650711672438	22.0534707109955	43.8696786157551	1221.82240164186
Shc4	1	1	1	1.65638950389517	4.09216324994505	133.254632837214
Tnr	3.39884514521061	1	1	16.5394685461459	17.1830685343568	505.754894319366
5730559C18Rik	1.15016767367972	1	1	2.59530435586213	4.87300258762597	129.056042753192
Megf11	1.36099656393256	1	1	1	12.6569951367156	202.273868345536
Dcn	1.00805192669893	2.37762379312257	1.25934505502734	1	6.13508361326865	134.991227976377
Pcdh15	1	1	1	1.66250579146968	12.3301720848443	190.900350529391
Sema3d	1	1	1	7.83899652745603	2.39827958437224	115.862488671061
3632451O06Rik	1.81895952712665	1.02217089730877	1	10.3007140362663	18.6406954391031	278.800223977592
Cspg4	6.33332791138459	12.6328654357686	1	1.06003885967696	44.3403442129158	529.93504268953
Lrrtm3	1	1	1	1.12961730340375	9.59572702088218	108.265455887534
Gpr17	1	1	2.78420329548531	223.792120185074	30.6642148634752	2003.62246615443
Gria3	7.90626299130816	1	1	1.56463174419335	23.2215588983963	250.104293449551
C1ql3	4.71931207547372	1	1	18.4693362768988	11.4065028336543	253.485996664023
Col3a1	1	8.83740373383041	1.28708143815921	1	4.20013190084754	106.112181441193
Chrna4	2.13726465046287	1	1	1	22.6436622780512	170.876333677936
Snx22	10.1741018048543	1	2.71820172360507	6.43193944462157	13.4507879367629	206.180859575197
Nxph1	1.29835560762684	1	1	1.30758799381364	82.4771339413522	468.912395339377
Cacng4	71.4246453929272	1	1.627587492139	5.03884275876261	155.657007653716	1243.98704736286
Dll3	1.17327298478212	1	1	1	20.5266347453086	127.748623753437
Cntn1	7.5568637436282	1.54129193297609	1.02260763660535	68.0414100705224	196.229896450398	1287.89870295567
Sstr1	1	1	1	1	50.0414919771741	249.408798167489
Smoc1	13.8833616748594	1	1	1.15080328990461	35.2483321091485	233.056701204558
Sulf2	6.56368719877626	1.48160961797474	21.0007693184571	170.19497451645	78.3254438775446	1192.75434423782
Lnx1	22.9463959661915	1.29959532446174	1	1.35352149838183	35.799969696756	265.847700172895
Myt1	1	1	1	1.14966373426418	38.6675861203437	174.108548599899
Kcnk1	3.18863134683038	1	1.1854305298577	2.9149581168046	18.7117698534443	108.78608018837
Ncald	43.6491508331051	9.67654161443618	6.75505182246743	28.9374557428734	128.969755039462	870.790453052296
Cdo1	150.142218606949	13.8949764597926	1.3263470512816	3.60014367816018	68.3344948972601	885.265583481487
Dscam	1	1	1	6.09896733722668	45.9847374278286	198.972059271996
Mmp15	51.6117710021484	99.4668670246743	7.29972097634304	19.3828649217965	141.926075391966	1125.75436660695
Vcan	151.58897127976	1	1	5.91636951307328	52.2875812293987	740.18340032694
Slitrk1	1	1	1	1.08139796451258	27.4787322960214	107.135344991571
Emid1	137.85439294778	4.14260522399119	1.19430216519676	1.99197687467724	28.261244789258	550.066828414271
Dll1	9.63778351819329	2.3822352375983	3.11885846699947	9.03419206452135	15.9300112401364	126.789118302118
