Mixture	Astrocyte	Endothelial	Microglia	MO	Neuron	OPC	P-value	Correlation	RMSE	Absolute score (sig.score)
opc12.01	3.607833028407	30.9834294704917	0.0817812902851897	2.09206805214553	18.3667332979175	10.9094162011498	0.032	0.326229925734766	0.972080194569775	66.0412613403967
opc12.02	0	6.15727621356995	0	5.5089365100105	29.1597883046201	10.5722699623226	0.051	0.268471714458787	0.961409156714737	51.3982709905232
opc12.03	9.80675034651406	36.0414621051931	0.979510444315683	3.52871875155269	34.9125969445386	4.09152455267142	0.03	0.337823208074566	0.967672078127058	89.3605631447855
opc12.04	1.05536896689374	29.1398033722059	1.00957430821881	1.61301140131108	22.8302682455173	4.97145495653675	0.0570000000000001	0.239529048042422	0.98169691547742	60.6194812506836
opc12.05	3.44908303100777	19.6233366936908	0	6.47069412048701	6.4006363490127	30.9972558432781	0.0649999999999999	0.208123722691835	0.976751260567224	66.9410060374763
opc12.06	8.54469487654505	44.0637751270242	0.816725963238972	1.52492727617401	24.1145127532573	3.2844651715699	0.092	0.163436112123015	0.989130953414814	82.3491011678095
opc12.07	3.20907504199868	8.13997304968645	0.315739343118653	6.02522490670251	31.878846269237	7.90264661670508	0.046	0.285504655369305	0.956898641761663	57.4715052274484
opc12.08	6.50595020060117	22.2985134580533	0.223101567941476	0.217364024969845	20.4488250470056	2.59414776662133	0.052	0.254242429381749	0.987161819827951	52.2879020651927
opc12.09	2.72124756525765	35.2204733421114	1.29110224564746	10.7348338310958	16.4703573860328	3.82695117488179	0.054	0.247119241984631	0.975429116259905	70.264965545027
opc12.10	10.7264478304718	10.7570925654049	2.66897748804878	6.22605990727704	16.566102794247	21.2329069895913	0.104	0.143572457410703	0.991149751935498	68.1775875750408
opc12.11	1.46461561209932	48.4425054272393	0	0.377803320893123	5.90565792765915	4.96366176387451	0.109	0.137012544736899	0.99036065356659	61.1542440517654
opc12.12	1.13962128759117	39.720718221219	0	7.56740033471261	17.2058352475154	7.33058882379499	0.083	0.174731833348801	0.98624315908576	72.9641639148331
opc12.13	0	4.18925865574016	0	5.29962041458969	31.2995829826271	17.7288327818922	0.05	0.272289642047124	0.961558414254639	58.5172948348492
opc12.14	3.52706832916011	28.8405569286123	0.0334073715985372	0.46299838516634	12.2437202105447	0.0338422273712051	0.047	0.284542069256088	0.980342929880366	45.1415934524532
opc12.15	0	0	0	1.60157469036584	0.0663813844752308	49.3146578141125	0.466	0.0132650528020291	1.00145411809445	50.9826138889536
opc12.16	2.70084530644225	0.0726562726242897	0	5.74175135261135	12.4864625468347	27.8387469119158	0.032	0.325058096617154	0.944376077809033	48.8404623904284
opc12.17	10.9715761461998	36.5975700585127	0.752622264753493	0.448489237301748	6.64468009164289	2.83207941241366	0.0659999999999999	0.203501167343814	0.986794251888905	58.2470172108243
opc12.18	3.0622727809779	43.8135225573163	3.1486511624148	1.12092051875192	0	18.1141387133389	0.595	-0.00202341343906172	1.00153065172721	69.2595057327998
opc12.19	3.43516041358198	43.2185972787374	0.911757010930619	2.27269947499738	11.389338209985	2.35097265939987	0.021	0.371928302046903	0.962268483896184	63.5785250476322
opc12.20	7.99788539359632	47.8235496410647	0.820138266068091	83.5479709194679	1.71447974544387	6.14086877384047	0.013	0.478345433391486	1.25586845691224	148.044892739481
opc12.21	3.9020860475208	28.4797059477808	0.470644684471502	1.50038701721208	11.2689109976841	4.56656260838854	0.096	0.155356437822297	0.98807686727655	50.1882973030578
opc12.22	3.54154717113871	26.422400298165	0.647395692164627	9.62157288335792	15.4590501225688	3.84224297503364	0.011	0.532196272655608	0.855614244984291	59.5342091424286
opc12.23	0	0	0	0	0	65.0736671094632	0.07	0.196684799108059	0.991537578131489	65.0736671094632
opc12.24	7.11997767815478	0	0	40.0671561752315	0.0625253458175697	1.59106398163434	0.0610000000000001	0.216705551291798	2.03349246836869	48.8407231808382
opc12.25	1.88782128313458	23.7359743863908	0	1.50578267826143	1.55810394623048	19.1498585042657	0.128	0.114677978910604	0.991896697923814	47.837540798283
opc12.26	4.37702544830362	29.3188926228674	0.485654482786538	0.123976910323231	18.16372130917	2.83993753811939	0.052	0.254602147864479	0.985397686022997	55.3092083115702
opc12.27	9.83606203596414	15.3636946741616	0.398492747858616	6.57843884038482	29.6875508626794	2.87360046951835	0.05	0.272351756809115	0.960593685941665	64.7378396305669
opc12.28	0.77655504991713	26.6465119394603	0	49.4938192446991	8.14377228207038	3.43180335560713	0.199	0.0722595109083645	1.6304161658397	88.492461871754
opc12.29	1.2060836153216	24.6779345272617	0.557743808557518	0.168444113909122	30.3762068250985	8.39228982492183	0.037	0.316645218536555	0.984965401339745	65.3787027150703
opc12.30	1.17936576204822	2.45906872360195	0	5.04867280933123	0.130285561912789	37.7303810297708	0.074	0.1878897940432	0.983925925615234	46.547773886665
opc12.31	16.58864155258	42.5984865795858	1.01367023380561	2.91075443906477	4.02172332373024	4.86004937198118	0.142	0.103089629746529	0.993015467213076	71.9933255007476
opc12.32	22.7493405197483	23.8380477100392	0.618871987854273	8.28327410529218	1.26513003092074	1.79357193813554	0.092	0.16396330230842	1.00122167348149	58.5482362919902
opc12.33	9.57106770685516	9.38488213886755	0.572425769026109	1.13717322251109	47.9122156202232	4.35997412579026	0.0580000000000001	0.237036421394237	0.98747323065743	72.9377385832734
opc12.34	1.63651087436037	0.0954101563312579	0	0.756981013206611	7.66807823794795	39.4732572495697	0.371	0.0272759124409284	0.998502986737036	49.6302375314159
opc12.35	0	85.7332151384229	0.0167070770523137	0.688482641827968	8.80966453605207	0.018020133743373	0.11	0.134848138846127	0.989990035228489	95.2660895270986
opc12.36	6.35332656393153	20.9959326571237	0.73476838824296	28.2134001334536	1.68701346733092	2.19486112793129	0	0.835477067390747	0.631408926308793	60.1793023380139
opc12.37	5.13230853055045	33.5642296983451	1.04715353766315	0.773389152549284	19.0910458592105	3.82192797162888	0.182	0.0832138678385258	0.995147629683565	63.4300547499473
opc12.38	3.83348115731201	19.3060151376389	0.200889794881908	1.08277441810568	22.1909459197914	2.98376460902162	0.111	0.133930557060774	0.991478230982988	49.5978710367516
opc12.39	17.5518979339303	13.5795259195338	0.0196233127958769	0.0678713445203652	0.0728683585943366	0.320121879664456	0.151	0.0969426929726641	0.995088807679198	31.6119087490392
opc12.40	9.13490214330461	12.3039348526049	0.852511095365047	2.32011345324478	42.5974590598831	2.22316253428022	0.125	0.117808288695356	0.991879935956884	69.4320831386826
opc12.41	14.0496229676463	12.0042028090929	0.294853051572915	0.47484577941812	14.7814621617133	4.53155744114371	0.129	0.113241389958754	0.994763984408356	46.1365442105872
opc12.42	0.720241633505098	0.191054937645184	0	44.1670825965234	0.133221190670931	9.06176246787869	0.027	0.343378679423546	1.89249790587282	54.2733628262233
opc12.43	0	9.80264763433675	0	42.9056844351771	0.430463889259791	14.18612100432	0.08	0.179118969705519	1.69104800325053	67.3249169630936
opc12.44	14.9905193836889	44.5131419563781	0	3.33653616110117	11.8996178490615	13.6199906647658	0.111	0.13339293244522	0.989733348040286	88.3598060149955
opc12.45	10.2105817979072	37.6503959241245	0.266157230868666	15.9521188118865	16.9722125444249	2.48448230609184	0.094	0.160619465880179	1.03140486855852	83.5359486153036
opc12.46	4.52384868571999	0	5.18479712490529	0.811244557889952	5.59068044726549	15.6966860603427	0.495	0.00953853714642207	1.0003597306335	31.8072568761234
opc12.47	0.0148977855506629	58.580696572525	0.0101502224879935	0.005680462296607	0	0.000175881994907447	0.036	0.318734734881419	0.969917141054638	58.6116009248551
opc12.48	6.76916821850914	20.1759617058267	1.77111623886152	24.9684523415822	3.48344534905443	4.76660154645923	0.00700000000000001	0.670685919867773	0.804694930759521	61.9347454002932
opc12.49	3.9520964884997	3.05341122075226	0	3.9127000844993	8.50933375919657	29.7686499931404	0.055	0.243673303256937	0.969025532484428	49.1961915460882
opc12.50	0	0.0165981683724155	0	2.66705578698166	0.47896637385183	47.3605984341235	0.083	0.174613036028413	0.983487866511856	50.5232187633294
opc12.51	8.05191217456342	3.47317237363702	0	8.67198713797743	4.6668725696345	28.3927355480198	0.014	0.447742020625525	0.893459539887021	53.2566798038321
opc12.52	11.4551833656809	35.4503279882395	0.27469829500462	1.26579266729204	15.016144566819	1.02726078034494	0.051	0.264491329035948	0.981254840887945	64.4894076633811
opc12.53	6.337437263707	31.2164974905108	0.502748327133437	1.20565424451849	22.2735318408775	3.00532300734738	0.074	0.18865654380232	0.987674677748286	64.5411921740946
opc12.54	5.54229499836088	31.4752475239225	0.517998168701129	3.58467647997315	9.82329533121024	2.09227314709447	0.015	0.423992243041489	0.937396239371602	53.0357856492623
opc12.55	2.88247583726624	6.53115000978196	0	0.817617945223613	19.3122485860057	26.9905525553796	0.0610000000000001	0.216398322637998	0.989367096488359	56.5340449336571
opc12.56	0	0	0	5.66492096163474	0	37.6149630768061	0.021	0.377864210802785	0.925293759892277	43.2798840384408
opc12.57	0	0.20412280487248	0	3.07126683522855	37.4891027668017	10.4714237850627	0.095	0.156490779686204	0.985989753634542	51.2359161919654
opc12.58	3.91581237369616	31.2031765287838	0	3.14445846548305	28.0619179686554	0.502358568471046	0.115	0.12853299775015	0.989974957043397	66.8277239050895
opc12.59	11.9788517224482	41.996491884957	0.572555921207336	3.20547200743073	24.7872126592776	5.8227379018986	0.046	0.285334406948486	0.974200832412199	88.3633220972195
opc12.60	0	0	0	3.58806650040494	0.168531416674991	51.6681805315281	0.158	0.092641120848041	0.996880610832548	55.424778448608
opc12.61	2.61504556007414	12.2762229957651	0.391170443826775	6.99192742707589	23.6529620475225	8.53760171563045	0.025	0.349790096529686	0.935554071148064	54.4649301898949
opc12.62	5.25995086698235	0.690439521376201	0	26.0278268922937	10.5333436506255	10.756184546072	0.0610000000000001	0.220092732670462	1.37627437646476	53.2677454773498
opc12.63	0	14.0448218937492	0	0.660658668216131	4.43327896809493	40.4917670576537	0.401	0.0226293150068682	0.998533371089951	59.6305265877139
opc12.64	6.60687420093524	61.8651163635446	1.31140325219079	8.81700078524111	5.56738029456293	10.8929127619653	0.215	0.0668287850338152	1.00997341378072	95.0606876584399
opc12.65	10.2440591288303	16.6414250946748	0.269292878628535	1.92262588504538	12.7031343738742	1.34759216181636	0.082	0.175689906034655	0.9845637983135	43.1281295228695
opc12.66	3.31680620821683	30.6018000846423	0.473108966949478	1.96418305882394	30.7481478736915	6.76800938889684	0.087	0.16888843717709	0.988002276965788	73.8720555812209
opc12.67	4.96669977386639	30.3431894392012	0.0346759894566127	1.38346776199263	37.1036125332879	0.847725382589275	0.0659999999999999	0.199405319002968	0.987417181638301	74.6793708803941
opc12.68	0.386270842716544	62.1087627041738	0	8.20215508496548	0.162339896302747	0.11231188712787	0.02	0.391511170261329	0.923300233258643	70.9718404152865
opc12.69	0.80428982937303	8.86575903965009	64.5310124768249	0.835976720459249	1.26909814076635	1.88723774954247	0.074	0.187745809958019	0.981969411115586	78.1933739566161
opc12.70	5.40105391700215	44.1268932913187	1.02955908944239	0.981232677572596	29.7812569763578	7.65708626762119	0.098	0.151623292525802	0.991106241997659	88.9770822193148
opc12.71	7.84909782312091	55.7681561444654	0.244643328017	2.82035874404947	7.89589665442732	0.84633595022346	0.0639999999999999	0.211902450234151	0.979979671809914	75.4244886443035
opc12.72	5.77843460587556	9.5062567690355	0.0805820234162426	2.74187080675781	46.3859150984485	10.6915894342368	0.095	0.156591128141675	0.98794810607643	75.1846487377704
opc12.73	0	0	0	19.6590769869844	0	42.9126118245223	0.071	0.195295313947223	1.13589911402173	62.5716888115067
opc12.74	2.97579105628154	11.8331143169797	0.0368833920679121	8.59053386476211	17.3527598489947	16.4968681523828	0.032	0.325137212209822	0.94469229740002	57.2859506314688
opc12.75	1.80306923519243	15.8616441171383	0	14.4991585220518	2.82593465030654	8.62914263533254	0.013	0.469765083915469	0.945511747907932	43.6189491600216
opc12.76	2.80302971856093	13.2396339405247	0.0675685187778575	0.397615729737516	35.7844376145766	1.33110159788501	0.044	0.292395052753633	0.986148878703016	53.6233871200626
opc12.77	11.5810627352119	5.51378020819548	2.63999875938033	124.605207548219	4.7782910860773	7.42513826069108	0.019	0.403099549837867	1.79050813693341	156.543478597775
opc12.78	0.943521698588042	29.9569828492704	0.578232281939628	0.54537698693985	26.7272409918426	0.217614620517422	0.084	0.172099609583442	0.989750078992412	58.9689694290978
opc12.79	11.3356555028662	39.2166990444064	0.997841185036168	0.00399296489995323	13.2375260656669	5.22992037667086	0.083	0.172648345321899	0.990008758412778	70.0216351395465
opc12.80	7.30123793023416	25.0386761742049	0	5.47977959535195	6.21087925484483	36.2285237860009	0.271	0.0497418607607937	1.00452472773217	80.2590967406367
opc12.81	5.98867070693397	33.806035261616	0.00436496348831301	18.4595936706022	7.93196828804337	6.24674445732612	0.056	0.241738711430246	1.04052883115483	72.43737734801
opc12.82	2.04591352870721	16.6033358602758	0	12.5741258336463	9.40208384998187	24.3353425638662	0.075	0.185949280233723	1.02220495319734	64.9608016364774
opc12.83	7.86371671175369	32.0347496970431	1.78686226496159	32.6090971066368	6.20995414978349	6.12437533742631	0.021	0.381734568788894	1.06740700787027	86.6287552676049
opc12.84	2.7485812880187	41.34779412182	1.94552721791713	1.35497071148527	19.7225347153292	0.823697319162396	0.014	0.453799877516223	0.964504923224652	67.9431053737327
opc12.85	0	2.19085330053304	0	2.64687467086484	61.744253108166	1.38012943212741	0.127	0.115677039085438	0.991761705821449	67.9621105116913
opc12.86	1.44665238945104	31.3401120298203	0.973697392020856	1.27954195928918	29.7422399117897	5.10072808630015	0.095	0.159941672561468	0.989860667268948	69.8829717686713
opc12.87	1.56333152395557	0.38375955292805	0	3.45294035855581	0.941479302927572	43.07336015794	0.048	0.28043318254137	0.963267458945104	49.414870896307
opc12.88	5.00078756233287	26.480845425289	0.54675480048932	3.29522178251417	2.20844407349704	8.78173011166315	0.02	0.392737553765828	0.941253771751043	46.3137837557856
opc12.89	0.214314051890718	28.160949171242	0	10.1796223463559	0.484958081593387	23.9880769474575	0.125	0.117405343143164	1.03011656163914	63.0279205985395
opc12.90	14.2419231286263	0.329815134337431	0	30.8777445659311	0.941281619349487	18.8549227005782	0.185	0.080200502961346	1.46498472230724	65.2456871488225
opc12.91	0.653530861108617	127.406033607967	0.615945797331474	0.09216348944145	0.163248332264798	0.114590975910316	0.00800000000000001	0.651462262641992	0.933856643634999	129.045513064023
opc12.92	4.52033433780588	16.4904435562812	0.698388769318047	2.38738998580229	27.3372168520122	4.23772831791056	0.127	0.115675975014624	0.991611753614127	55.6715018191302
opc12.93	26.6737078866512	45.4469662886911	1.85382057715659	1.78232330963819	3.65297189555059	5.08708055713476	0.092	0.16335290569711	0.988806891179659	84.4968705148224
opc12.94	3.29117191037433	0.851112465699295	0.203946444016772	26.4264375988512	2.89759732391982	8.50089268796516	0.171	0.0866807954644936	1.75218584914371	42.1711584308266
opc12.95	4.92840273861187	0.385138765092278	0	25.3058914328707	3.94144990760752	15.8955748945235	0.518	0.00643282900369208	1.57486724803105	50.4564577387059
opc12.96	20.8694646796218	11.2109003040635	0	1.69803212873595	16.0221737922591	4.88688234068361	0.096	0.156046473759462	0.989085351406441	54.687453245364
