Mixture	Astrocyte	Endothelial	Microglia	MO	Neuron	OPC	P-value	Correlation	RMSE	Absolute score (sig.score)
opcBulk_12dpi_CKO_21724_tdTpositive	19.4813599779646	0	0	4.13692325771716	3.29088526443554	40.7260484584198	0.016	0.354802952212842	0.954198571262597	67.6352169585371
opcBulk_12dpi_CKO_21725_tdTpositive	15.5289705390521	0	0	1.86569740684752	10.7647787304664	26.0047209748184	0.038	0.259473334275105	0.978886965884284	54.1641676511844
opcBulk_12dpi_CKO_22017_tdTpositive	17.2197324559077	0	0	3.15063722341954	13.2294271475751	32.6807802615939	0.016	0.354212121676428	0.96201699427359	66.2805770884963
opcBulk_12dpi_CKO_22208_tdTpositive	16.6469986289871	0	0	2.40982091278209	12.737975099084	29.2996247458298	0.021	0.314037812994631	0.97116755837446	61.0944193866829
opcBulk_12dpi_CKO_22210_tdTpositive	14.0826150560848	0	0	3.23547138667311	7.90363391380105	35.4805683737847	0.02	0.315990200180975	0.963903785470269	60.7022887303437
opcBulk_12dpi_CKO_22363_tdTpositive	15.1322654764047	0	0	3.25892180981191	3.75000152709127	37.4582813037166	0.018	0.341258914270136	0.95948849210756	59.5994701170245
opcBulk_12dpi_CKO_22364_tdTpositive	16.825425894047	0	0	3.3462649372667	8.45988990426923	34.8912134144099	0.012	0.377889978610417	0.955616645830418	63.5227941499929
opcBulk_12dpi_WT_22056_tdTpositive	18.1863561340137	0	0	7.55459407611187	5.5659034936162	36.8000209549005	0.00600000000000001	0.54700521433247	0.878269971699838	68.1068746586423
opcBulk_12dpi_WT_22178_tdTpositive	18.8571486610909	0	0	6.01266549811309	8.19091668401987	37.7967698514432	0.00900000000000001	0.475376355584119	0.916568384101499	70.8575006946671
opcBulk_12dpi_WT_22180_tdTpositive	15.7980537319242	1.84753704934948	0	3.23581404597524	10.2596902642992	29.0516350902611	0.019	0.326915891274458	0.962417791301053	60.1927301818092
opcBulk_12dpi_WT_22280_tdTpositive	11.7091064339016	0	0	2.99237758172017	14.819016258215	30.4466466717995	0.017	0.352473374449498	0.960799744407959	59.9671469456362
opcBulk_12dpi_WT_22281_tdTpositive	17.9744142215812	0.209486417855715	0	4.13615009529339	10.6552164541366	33.4390669048657	0.017	0.349433657042364	0.954790368947898	66.4143340937326
opcBulk_150dpi_Tumor_16713_tdTpositive	3.48637660016282	0	0	3.41377039009206	0	99.4139566894536	0.043	0.237224551235707	0.980439519279107	106.314103679709
opcBulk_150dpi_Tumor_16839_tdTpositive	15.9538737685816	0	0	0	0.212799760274008	54.1900623367888	0.00900000000000001	0.440194148783283	0.985312088938027	70.3567358656444
opcBulk_150dpi_Tumor_16840_tdTpositive	11.1875010034437	0	0	0.588627484480704	0	47.8996404412481	0.00600000000000001	0.546135348967173	0.975223013629566	59.6757689291725
opcBulk_150dpi_Tumor_16844_tdTpositive	22.7151097030461	0	0	0.945189918126165	0	67.7090181166801	0.01	0.42414121353228	0.98108612017348	91.3693177378523
opcBulk_150dpi_Tumor_21256_tdTpositive	23.3763433977022	0.423176423322083	0	0.333086589081297	3.97594568622178	76.7598488553964	0.00900000000000001	0.443427296417008	0.984806839921554	104.868400951724
opcBulk_150dpi_Tumor_21349_tdTpositive	8.92055597861386	0.24788991670806	0	0.137177729569622	0.0906474393841787	33.6441882209238	0.00800000000000001	0.507838980309407	0.981812780081772	43.0404592851995
opcBulk_150dpi_Tumor_21354_tdTpositive	26.1733311532316	1.91058112603262	0.299979157430323	2.04333984736405	0	47.7425594343759	0.027	0.29228389556032	0.979602970591043	78.1697907184345
opcBulk_150dpi_WT_21590_tdTpositive	12.8997854228458	0.594789762605237	0	2.57604156475846	6.280249385616	34.3059533879461	0.021	0.310027947428173	0.968264732181645	56.6568195237716
opcBulk_150dpi_WT_21591_tdTpositive	16.4001432824022	0.115764064810618	0	1.84772507995176	2.12448542503359	37.2162273815775	0.043	0.239910307992803	0.98117591319479	57.7043452337757
opcBulk_150dpi_WT_21592_tdTpositive	13.9248921545348	0	0	1.57826431631703	3.27796339771609	37.4967543876411	0.044	0.235611698119758	0.982945552799678	56.2778742562091
opcBulk_150dpi_WT_21593_tdTpositive	16.2144586854027	0	0	3.8465383471162	0	42.6700033437315	0.017	0.351874972961029	0.954359489419409	62.7310003762504
opcBulk_150dpi_WT_22062_tdTpositive	13.4076321213469	0.764053911779949	0	2.23901078451378	2.65432978569204	33.0940831149775	0.039	0.254019057160447	0.975867002034885	52.1591097183102
opcBulk_150dpi_WT_22064_tdTpositive	15.7594317702586	0	0	3.55611188724736	3.26878745952601	34.8888841670631	0.019	0.319593994864046	0.959612502258973	57.4732152840951
opcBulk_90dpi_CKO_20642_tdTpositive	13.3161373238319	0	0	3.67075904788226	4.57483276491193	46.7947550951359	0.018	0.330624550147741	0.961338952496141	68.356484231762
opcBulk_90dpi_CKO_20647_tdTpositive	17.163921368078	0	0	3.79356815469261	2.43060314851698	34.9848225157316	0.016	0.354586058995806	0.9523528758175	58.3729151870192
opcBulk_90dpi_CKO_22146_tdTpositive	10.5396164201648	0	0	2.1752976800393	10.163442785047	33.8963238643905	0.027	0.291909204141563	0.973676501950308	56.7746807496416
opcBulk_90dpi_CKO_22149_tdTpositive	14.9376146448485	0	0	3.02906082466221	4.71360677995944	44.3944084166895	0.024	0.30524035383563	0.968812775684624	67.0746906661596
opcBulk_90dpi_CKO_22152_tdTpositive	11.6474207609096	0	0	1.57680962406767	11.0068149281271	32.1490260319603	0.028	0.285082121833641	0.979371768555461	56.3800713450647
opcBulk_90dpi_CKO_22154_tdTpositive	14.6450922221789	0	0	2.13800662310404	8.47286669037716	36.4423574508083	0.027	0.292659198109007	0.975390945405337	61.6983229864684
opcBulk_90dpi_CKO_22212_tdTpositive	13.7843009195558	0	0	1.70981729031651	7.8482562770254	37.9193770289559	0.028	0.28857208545341	0.978976640209885	61.2617515158537
opcBulk_90dpi_WT_22184_tdTpositive	13.0543743857849	1.49457628642235	0	3.1121236163483	5.9141414184911	32.9341531478238	0.024	0.304642350649514	0.964783273330234	56.5093688548704
opcBulk_90dpi_WT_22185_tdTpositive	12.1970783493635	0.100673579503061	0	3.46555860350745	4.87662994110182	37.2748646308534	0.02	0.314779030648679	0.961132291032015	57.9148051043293
opcBulk_90dpi_WT_22254_tdTpositive	14.189563604924	0	0	2.31279213154192	3.81343896769679	35.5657399503294	0.029	0.278973308419301	0.973617226275294	55.8815346544921
opcBulk_90dpi_WT_22255_tdTpositive	14.5303294049275	0	0	2.62142655375227	3.0037344462026	38.605397374538	0.032	0.272795908784568	0.97298124748415	58.7608877794204
opc12.01	3.07996622609932	26.4502030960046	0.0698157619884084	1.78597481994733	15.6794723580465	9.31324514783175	0.019	0.326229925734765	0.972080194569775	56.3786774099178
opc12.02	0	5.2981177780396	0	4.74024446027826	25.0909635140447	9.09706329532025	0.035	0.268471714458788	0.961409156714737	44.2263890476828
opc12.03	8.07078895592093	29.6615111056877	0.806120457527755	2.90407559306395	28.7324742535797	3.36725520746202	0.018	0.337823208074565	0.967672078127057	73.5422255732421
opc12.04	0.879691775242433	24.2891786312039	0.841520115993317	1.34450879987694	19.0299315520638	4.14390433435401	0.043	0.23952904804242	0.98169691547742	50.5287352087344
opc12.05	2.96785129398167	16.8853995902774	0	5.56787347413804	5.50759048128035	26.6723778573339	0.052	0.208123722691834	0.976751260567224	57.6010926970113
opc12.06	7.00040991977905	36.1001174364733	0.669118864676844	1.24932676769678	19.7562905086178	2.69086291558053	0.087	0.163436112123013	0.989130953414815	67.4661264128242
opc12.07	2.60695952689533	6.6126781121737	0.256497488458845	4.89471803140807	25.8974504803866	6.41988099856664	0.028	0.285504655369305	0.956898641761662	46.6881846378892
opc12.08	5.43705394380291	18.6349751842316	0.186447055763291	0.181652163444817	17.0891816629157	2.16794179334679	0.039	0.254242429381746	0.987161819827951	43.6972518035051
opc12.09	2.30489478024457	29.8317162320707	1.09356269703204	9.09239673008003	13.9503811606487	3.24142496252622	0.041	0.247119241984632	0.975429116259904	59.5143765626023
opc12.10	8.82347299202379	8.84868105673523	2.19547525465209	5.12149709827705	13.6271170939629	17.4659854152831	0.11	0.143572457410703	0.991149751935498	56.0822289109341
opc12.11	1.25088832072796	41.3734250578455	0	0.322671530832633	5.04386165687217	4.23932837884759	0.119	0.137012544736899	0.99036065356659	52.2301749451258
opc12.12	0.909706282204739	31.7071884255255	0	6.04070115167623	13.7346121782877	5.85166561721236	0.077	0.174731833348784	0.986243159085779	58.2438736549065
opc12.13	0	3.55231394445153	0	4.48383577962232	26.48519116056	15.0642602644609	0.032	0.272299018146654	0.961573049220486	49.5856011490947
opc12.14	2.93671829954583	24.0133117357309	0.0278157467779801	0.385503115756764	10.1944033518026	0.028177817705674	0.028	0.28454206925609	0.980342929880366	37.5859300673197
opc12.15	0	0	0	1.37879163343414	0.057147567378319	42.4548652078366	0.519	0.0132650528020279	1.00145411809445	43.8908044086491
opc12.16	2.31369559175498	0.0622414387389185	0	4.91870628865801	10.6966042380569	23.8482322021353	0.019	0.325058096617155	0.944376077809033	41.8394797593441
opc12.17	8.8305031478697	29.4556546206004	0.605750093651222	0.360967792503604	5.34798899300915	2.27940688129662	0.056	0.203501167343814	0.986794251888905	46.8802715289307
opc12.18	2.44753831325198	35.0181981689145	2.51657670784799	0.89590187151131	0	14.4778246995799	0.64	-0.00202341343843581	1.00153065172731	55.3560397611057
opc12.19	2.77187017862082	34.8735798436378	0.735707147402695	1.8338671681255	9.19018710557535	1.8970266947587	0.013	0.371928302046902	0.962268483896185	51.3022381381209
opc12.20	6.58935826965221	39.4012275500051	0.675701713663611	68.8341337739841	1.41253853147975	5.0593853808168	0.00800000000000001	0.478345433391485	1.25586845691205	121.972345219602
opc12.21	3.24515060792063	23.685006928169	0.391409329606569	1.24778945972127	9.37173422866275	3.79775926113552	0.092	0.155356437822298	0.98807686727655	41.7388498152158
opc12.22	2.98211837869919	22.2486731733041	0.545131971593667	8.10173292658132	13.0171123692591	3.23531576387041	0.00600000000000001	0.532196272655608	0.855614244984292	50.1300845833078
opc12.23	0	0	0	0	0	49.891395222363	0.0580000000000001	0.196684799108059	0.991537578131489	49.891395222363
opc12.24	5.964780785568	0	0	33.5663697401136	0.052380779566609	1.3329182049832	0.05	0.216705551291797	2.03349246836883	40.9164495102314
opc12.25	1.57227704362324	19.768570239758	0	1.25409516190278	1.29767107094569	15.9490112670513	0.142	0.114677978910607	0.991896697923814	39.841624783281
opc12.26	3.49607444589167	23.4179655775989	0.387908237421647	0.0990244432391032	14.5079626932254	2.26835168591391	0.039	0.25460214786448	0.985397686022997	44.1772870832907
opc12.27	7.98866060499483	12.4780976311338	0.323648153555199	5.34288163437741	24.1116584226805	2.33388309075322	0.032	0.272351756809114	0.960593685941666	52.578829537495
opc12.28	0.609041042140581	20.8984789970292	0	38.8172960242961	6.38704436708971	2.69151439077366	0.239	0.072259510908344	1.63041616584464	69.4033748213292
opc12.29	1.01225359788523	20.7119371296131	0.46810865327883	0.141373415724287	25.4944385763947	7.04356270316108	0.02	0.316645218536555	0.984965401339745	54.8716740760573
opc12.30	0.95863970561412	1.9988378441544	0	4.10378049916772	0.105901762368043	30.6688921512122	0.0669999999999999	0.187889794043175	0.98392592561526	37.8360519625164
opc12.31	13.7841090878895	35.396640775608	0.842295677896894	2.41865234045552	3.34179702659172	4.03839280652269	0.167	0.103089629746531	0.993015467213076	59.8218877149644
opc12.32	15.8588180757637	16.6177679562499	0.431422539877019	5.77436242573605	0.881936203167563	1.25031892893537	0.087	0.16396330230842	1.00122167348149	40.8146261297297
opc12.33	7.62554192428159	7.47720258557844	0.456067894820731	0.906018257212802	38.1730252138524	3.47371542061049	0.043	0.23703642139421	0.987473230657432	58.1115712963565
opc12.34	1.36514145885199	0.0795890586764867	0	0.63145694958932	6.39654259336779	32.9277249736239	0.428	0.0272759124409548	0.998502986737036	41.4004550341095
opc12.35	0	67.9047267378804	0.013232788516466	0.545310537828821	6.97766743037928	0.014272790954411	0.121	0.134848138846117	0.989990035228493	75.4552102855594
opc12.36	5.12032826086899	16.9212248521748	0.592170936856185	22.7379890809727	1.35961258190027	1.76890159020367	0.001	0.835477067390747	0.631408926308787	48.5002273029767
opc12.37	4.19047960493991	27.4048645301043	0.854990598616107	0.631464661788637	15.587651801092	3.12056672379023	0.215	0.0832138678385267	0.995147629683565	51.7900179203312
opc12.38	3.11671328719415	15.6962592048947	0.163328282382671	0.880321899980409	18.0417779990119	2.42587309580469	0.121	0.13393055706077	0.991478230982989	40.3242737692685
opc12.39	12.5253304756899	9.6905787901434	0.0140035270672705	0.0484341364726515	0.0520000900195872	0.228444373960454	0.179	0.0969426929728595	0.995088807679192	22.5587913933533
opc12.40	6.78756797263258	9.14227572805254	0.63344707107271	1.72392955294607	31.651477409881	1.65189145750036	0.137	0.117808288695353	0.991879935956884	51.5905891920853
opc12.41	11.2808350849386	9.63851005307228	0.236745758711435	0.381266952197245	11.8684492348682	3.63851416434375	0.143	0.113241389958755	0.994763984408356	37.0443212481315
opc12.42	0.598030242553637	0.158636526112688	0	36.6727635412462	0.110616072806791	7.52415266562271	0.018	0.343378679423546	1.89249790587287	45.064199048342
opc12.43	0	8.28014831560494	0	36.2417832363361	0.36360634193047	11.9828020265998	0.073	0.179118969705518	1.69104800325086	56.8683399204713
opc12.44	12.0459006341847	35.7693333498026	0	2.68113345710451	9.5621512854666	10.9445877082029	0.122	0.133392932445222	0.989733348040286	71.0031064347613
opc12.45	8.23998938698406	30.3840534232679	0.214790185420793	12.8734378031898	13.6966584282394	2.00498935707083	0.09	0.160619465880177	1.03140486855853	67.4139185841729
opc12.46	5.54342993442196	0	5.51340197042023	2.41785808667583	5.2358996412907	8.48839446819391	0.654	-0.0034030446427933	1.02304054624696	27.1989841010026
opc12.47	0.0332120742124959	41.6124267807508	0	0.00241086283902128	0	0	0.02	0.318752402638304	0.969922920040465	41.6480497178023
opc12.48	5.47730045377876	16.3254628396694	1.43310602804719	20.2033264540167	2.81864420785375	3.85691535069469	0.003	0.670685919867772	0.80469493075952	50.1147553340605
opc12.49	3.42286639229183	2.64452517284748	0	3.38874560915239	7.36983842117815	25.7822934996458	0.041	0.243673303256937	0.969025532484428	42.6082690951157
opc12.50	0	0.01456505351693	0	2.34036728622979	0.420297632332477	41.5593838616055	0.077	0.174613036028413	0.983487866511856	44.3346138336847
opc12.51	6.76834276803431	2.91950788925708	0	7.28957049671244	3.92291824863846	23.8665999013551	0.00900000000000001	0.447742020625526	0.893459539887021	44.7669393039974
opc12.52	9.31388891538904	28.8236692819576	0.223349493696016	1.02918058286108	12.2092067816028	0.835236983105196	0.037	0.264491329035948	0.981254840887945	52.4345320386117
opc12.53	5.12329011192333	25.235937851076	0.406430142975811	0.974671024313521	18.0062950826321	2.42955330459117	0.0659999999999999	0.188656543802321	0.987674677748286	52.1761775175119
opc12.54	4.6718756455938	26.532048977822	0.436646376552051	3.02170179484711	8.28054339058619	1.76368092328747	0.01	0.423992243041489	0.937396239371602	44.7064971086886
opc12.55	2.37766242413853	5.38733742843849	0	0.674426977158506	15.9300581794731	22.2636463376354	0.05	0.216398322637997	0.989367096488359	46.633131346844
opc12.56	0	0	0	4.9849230507852	0	33.099790405884	0.012	0.377864210802786	0.925293759892277	38.0847134566692
opc12.57	0	0.176356718692232	0	2.65349352624773	32.3895958356814	9.04703391628387	0.091	0.156490779686227	0.985989753634539	44.2664799969053
opc12.58	3.08813028325095	24.6077863738839	0	2.47981682598175	22.1304930918534	0.396175444657681	0.127	0.12853299775015	0.989974957043397	52.7024020196277
opc12.59	9.89956287520431	34.7067416465348	0.473171675623963	2.64906623919571	20.4846487716136	4.81202717099012	0.028	0.285334406948487	0.974200832412199	73.0252183791625
opc12.60	0	0	0	3.10699416276973	0.163209732105267	44.7470305453808	0.191	0.0926636876551243	0.996870693748747	48.0172344402558
opc12.61	2.21500261429279	10.3982379674024	0.3313301951365	5.92232034744106	20.0345927317319	7.23154135768422	0.017	0.349790096529685	0.935554071148064	46.1330252136889
opc12.62	4.27335422558909	0.560935400501069	0	21.145848477649	8.55762909907332	8.73867225066788	0.049	0.220092732670462	1.37627437646476	43.2764394534804
opc12.63	0	11.4876211936032	0	0.540369723173221	3.62609293420666	33.1192581107193	0.442	0.0226293150068878	0.99853337108995	48.7733419617024
opc12.64	5.4853700970097	51.3636326389536	1.08879508916185	7.320331972694	4.62232826866226	9.04386191057785	0.252	0.0668287850338153	1.00997341378072	78.9243199770593
opc12.65	8.33287450469018	13.5367148070102	0.219052207176663	1.56393086159202	10.3331719606929	1.09617840220297	0.077	0.175689906034656	0.9845637983135	35.0819227433649
opc12.66	2.70912329483936	24.9951442046679	0.386429125761087	1.60431865654562	25.1146791366394	5.52802025325731	0.084	0.16888843717709	0.988002276965788	60.3377146717107
opc12.67	4.09167278687295	24.9973640743464	0.0285668167751966	1.13973013288355	30.5667442384889	0.698374179355833	0.0570000000000001	0.199405319002967	0.987417181638301	61.5224522287229
opc12.68	0.299669270430679	48.1840344873381	0	6.36323936071453	0.125943438921981	0.0871316639892906	0.011	0.39151117026133	0.923300233258643	55.0600182213946
opc12.69	0.666697991805649	7.34907185410659	53.4915335945301	0.692964128543976	1.05199040311279	1.56438335004747	0.0669999999999999	0.187745809958369	0.981969411115543	64.8166413221466
opc12.70	4.28370481138989	34.9980925960863	0.816567894492656	0.778239063450021	23.6202259335467	6.07301793129241	0.093	0.151623292525803	0.991106241997659	70.569848230258
opc12.71	6.30126351410441	44.7707310420914	0.196399906273301	2.26418679586519	6.3388336622747	0.679439339908397	0.051	0.211902450234152	0.979979671809914	60.5508542605174
opc12.72	4.843776011922	7.96862500688413	0.0675479258031264	2.29837472384964	38.883019047486	8.96223077063422	0.091	0.156591128141676	0.98794810607643	63.0235734865791
opc12.73	0	0	0	16.1939794116951	0	35.3488596055879	0.0620000000000001	0.195295313947223	1.13589911402174	51.542839017283
opc12.74	2.50180393991165	9.94832347424225	0.0310085667471691	7.22222463282232	14.5887940844901	13.8692297137858	0.019	0.325137212209821	0.944692297400026	48.1613844119993
opc12.75	1.52003078385705	13.3717479451384	0	12.2231397793119	2.38233095978356	7.27457503460327	0.00900000000000001	0.469765083915469	0.94551174790794	36.7718245026941
opc12.76	2.26608720944858	10.7034773594213	0.0546252346702085	0.321449292338319	28.9296456040902	1.07611856037889	0.027	0.29239505275359	0.986148878703016	43.3514032603475
opc12.77	8.68256085988014	4.13379439520978	1.97926135298559	93.4190862039968	3.58238307741857	5.56677882811957	0.011	0.403099549837868	1.79050813693342	117.36386471761
opc12.78	0.764378546372661	24.2691556943639	0.468445348735649	0.441828173241316	21.6526335838118	0.176296896561957	0.079	0.172099609583464	0.989750078992413	47.7727382430872
opc12.79	8.69498049477262	30.0810511729359	0.765391082904396	0.00306279172942725	10.1538045956777	4.01159471129582	0.079	0.172648345321898	0.990008758412778	53.7098848493158
opc12.80	5.7931058847451	21.2790902983155	0	4.66529542654942	5.20430640660165	30.9103723908971	0.325	0.0496774739193883	1.00468396436029	67.8521704071087
opc12.81	4.82521753471445	28.2685030803568	0.00404339229528826	15.4364331263309	6.62497886692767	5.21661393907003	0.042	0.241739633915525	1.04128082605179	60.3757899396951
opc12.82	1.68102819636849	13.6421580595947	0	10.331551052596	7.7252375697521	19.99517401108	0.0679999999999999	0.185949280233723	1.02220495319734	53.3751488893913
opc12.83	6.13204230832946	24.9803556866007	1.39337611072709	25.4282256626629	4.8424559244617	4.7757224805632	0.012	0.381734568788891	1.06740700787044	67.552178173345
opc12.84	2.22055252216578	33.4044872252583	1.57177282313619	1.09466787246398	15.9336470769611	0.665457182416332	0.00900000000000001	0.453799877516216	0.964504923224652	54.8905847024017
opc12.85	0	1.79685976352402	0	2.17087223229917	50.6404349446461	1.13193295253317	0.14	0.115677039085435	0.991761705821449	55.7400998930024
opc12.86	1.15690497663881	25.0630571933549	0.778677287497207	1.02326479485607	23.7852200163927	4.07911240499247	0.09	0.159941672561471	0.989860667268948	55.8862366737321
opc12.87	1.26971483606253	0.311683856153946	0	2.80442729780342	0.764655621955576	34.9835486546222	0.029	0.280433182541371	0.963267458945104	40.1340302665976
opc12.88	3.8825501538632	20.5594037336833	0.42449372389956	2.5583697926063	1.71460890319329	6.81802759490104	0.011	0.392737553765829	0.941253771751044	35.9574539021467
opc12.89	0.176639730995132	23.2105288584175	0	8.39014398276126	0.399707179019457	19.7712068887043	0.139	0.117405343143203	1.03011656163886	51.9482266398976
opc12.90	10.474947978304	0.242579344338335	0	22.7106104346665	0.69231352441649	13.8678135417162	0.225	0.080200502961346	1.46498472230641	47.9882648234415
opc12.91	0.534578961280745	104.216325747033	0.503834912989573	0.0753884252230955	0.133534816924324	0.0937337905762689	0.003	0.651462262641991	0.933856643634996	105.557396654027
opc12.92	3.66793868807962	13.3808544641933	0.566694185621999	1.93720186120318	22.1822608290938	3.4386234480124	0.14	0.115675975014623	0.991611753614127	45.1735734762043
opc12.93	21.0250901035078	35.8227871884657	1.46124209037866	1.40488560265848	2.87939208061794	4.00980349384065	0.087	0.163352905695757	0.988806891179703	66.6032005594693
opc12.94	2.86021235012028	0.739664305611162	0.177240859367684	22.9660513787278	2.51817403564683	7.38775090310435	0.205	0.0866807954645013	1.752185849146	36.6490938325781
opc12.95	3.95768015253758	0.309279928964944	0	20.3215178538146	3.16512243291717	12.7647038182888	0.58	0.00643282900363529	1.57486724802092	40.5183041865231
opc12.96	13.7763404544828	7.40053383069514	0	1.12090410881296	10.576549248941	3.22592629565603	0.091	0.156046473759467	0.989085351406441	36.1002539385878
control.01	2.87968883535809	5.17170247461583	0.197042532552461	1.58866910598994	27.2449772539555	22.2148367415642	0.131	0.124172455394382	0.992002134136315	59.296916944036
control.02	4.60249651794172	5.83179624741705	0	12.6781794031871	2.33157613007009	29.6395122313038	0.04	0.249858289713172	1.01649714309319	55.0835605299197
control.03	4.5638316121784	18.0529303422924	0.616432849170531	1.4285721256227	29.3657923417511	3.30585188713323	0.087	0.163686459671773	0.98908901384425	57.3334111581483
control.04	1.23190874017304	70.7405942779636	0.0857186325470187	7.88923953639335	9.00482387928205	6.93934335443702	0.051	0.21263522016043	0.975210458178718	95.8916284207961
control.05	6.11904607697358	21.7133355671953	0.0469494030300841	3.52712128602908	22.2292953431962	8.55542328540505	0.0580000000000001	0.199376072099673	0.979728661281555	62.1911709618293
control.06	3.43063652240517	11.7777076574178	1.07021135715222	3.45514327999396	35.4734187846107	1.36004835120257	0.038	0.256807512416611	0.970283454280173	56.5671659527825
control.07	11.0727296098104	38.2481389774269	2.58965533913359	2.93741731110212	25.0304176815426	5.15003427306499	0.038	0.260035337145074	0.977624578215065	85.0283931920806
control.08	2.40019994285249	5.00241962068151	0	4.96204197038698	22.7231806365302	26.8444705125905	0.069	0.183981478859041	0.981242543611711	61.9323126830417
control.09	4.51178973478852	10.8784094707726	0	2.77212431095549	33.0323556035286	22.9859485005534	0.075	0.176550795008106	0.985850335802298	74.1806276205986
control.10	3.20780181644284	31.2572761456831	0.145201537741104	1.14851724645909	19.3651080638254	1.33304266753016	0.0679999999999999	0.18477030172543	0.987033773633443	56.4569474776817
control.11	3.5670280503031	8.39862515110297	0	2.51705734852775	13.5987566681347	11.2737848291692	0.104	0.148273610386931	0.987246460710138	39.3552520472377
control.12	5.26306484461814	30.175640496373	0.0119766617811859	7.41357454753963	4.37305512817747	15.6882145577639	0.027	0.294717802850059	0.953636246306502	62.9255262362533
control.13	2.0882827933075	16.602521330954	0	3.35777246865812	31.6446862399584	19.1458439862241	0.0580000000000001	0.197844189882028	0.981759360535519	72.8391068191021
control.14	6.48970419222987	7.59688531082508	0.378972219263972	0.214343817281618	23.7194286516156	4.03049257835642	0.0649999999999999	0.190313592794962	0.992370578336402	42.4298267695726
control.15	6.0739970448615	8.38620717842571	0.683095075279209	7.18571002936644	38.9081144547967	3.15110268416829	0.041	0.247065097845248	0.967460917588607	64.3882264668979
control.16	5.036516797588	14.2518733265152	1.81892229542471	0.345710841406805	17.1732370057466	3.27804801595528	0.161	0.106125199935354	0.994701260886615	41.9043082826366
control.17	20.0144359135634	23.6140226610976	0	2.52755008347801	5.40397907815076	7.96060490796752	0.379	0.0375858684881246	1.00036083685133	59.5205926442573
control.18	1.83875562732252	13.2532705150552	0.646822270792189	0.800872891891962	37.0962122622267	6.76377280438182	0.05	0.217808228999593	0.988780340582409	60.3997063716704
control.19	1.46776644871572	3.95327751943642	0	5.99865749262165	8.2494609867142	24.3583602269256	0.041	0.2455278946274	0.971746688565944	44.0275226744136
control.20	0	3.5540363842282	0	35.3351714572803	4.53782330763225	59.9847760377052	0.037	0.264729031759839	1.12016840831234	103.411807186846
control.21	1.38193658800745	51.6907963237227	0	14.8051479073281	1.80099565281444	38.271559111238	0.043	0.237866622247474	0.974663605033716	107.950435583111
control.22	8.71583475032769	43.2950277252495	0.0486805288489791	9.93424992720068	17.5857092600395	2.78660404997986	0.087	0.163337803120932	0.993745909350157	82.3661062416462
control.23	29.76775149182	15.2628555344192	0.170867110862643	2.36761879449145	18.0228635471545	5.62486849796668	0.211	0.0841700995838417	0.994880125575793	71.2168249767145
control.24	2.78435448473326	30.1544230344092	3.12699018790274	4.76075270825165	11.1942810562393	1.48224421094489	0.192	0.0916912616243731	1.00256156975846	53.503045682481
control.25	5.09005893158916	22.5743988821696	0.886959234968478	0.715914481261312	16.996368054905	10.7272130414049	0.02	0.315419250676657	0.982829052612477	56.9909126262984
control.26	0	9.60401833795938	0	2.53859733028119	6.16501855875155	63.0938825953733	0.203	0.0871457880059278	0.994574636936185	81.4015168223654
control.27	1.68566766709467	2.1984112627607	0	2.62912786448793	33.8568390256132	18.2491239053607	0.131	0.123719018923845	0.990712367698132	58.6191697253172
control.28	13.1948093691792	22.3429236658334	0	2.59865071578192	10.9446119136238	11.2249979300234	0.121	0.134935295004925	0.989407879191091	60.3059935944417
control.29	3.94015580720583	6.81275268579759	1.19175601410264	13.3999920551666	14.162859793635	5.97532578736651	0.115	0.13987339352856	1.14509980529401	45.4828421432742
control.30	2.31415880900589	5.12411319446127	0.297034282546414	6.60357077591146	45.1856557726979	4.50156458464803	0.019	0.326476777152974	0.946136456013116	64.0260974192709
control.31	0.380408399834743	8.42549994140407	0	3.11011163454045	29.7842775395891	19.7971795530918	0.0679999999999999	0.185686156328258	0.982556420890238	61.4974770684601
control.32	11.1143529022773	16.321947464597	1.38618912746246	0.93435190445708	10.0293986544501	3.73261467399924	0.203	0.0870944941496432	0.994833530719881	43.5188547272432
control.33	9.49346714629578	14.8498095857093	0	24.3766312398662	0.450427563919203	22.7318154594679	0.0659999999999999	0.189049130294951	1.17023489626248	71.9021509952584
control.34	0.110765713363041	2.33171207075686	0.473259352058907	0.0351122638999526	44.9037017865074	0	0.05	0.2173741394902	0.989202631152915	47.8545511865862
control.35	9.09421099760633	14.4290149625703	2.75587634633322	4.33101246670742	27.5785540167945	1.8832777912383	0.051	0.212892904530207	0.97587392459893	60.0719465812501
control.36	8.49661475369985	24.8788136542735	0	7.52607656140139	13.7754079869842	15.6628121225433	0.02	0.314855130807301	0.948571481126169	70.3397250789022
control.37	2.27225217052213	14.2935058884647	1.794550795419	7.06866018215717	17.269950373669	7.00306190518293	0.012	0.381465843192634	0.923029896054044	49.7019813154149
control.38	7.68427444513287	34.7917449002512	0.568890477707538	0.0970490873265018	4.44653866089869	3.09937534627638	0.051	0.212168114254197	0.985671547917716	50.6878729175932
control.39	10.2869129796265	2.60132581721895	0.563173192933169	2.95827533058743	18.8140555250348	14.1178476692383	0.1	0.149835308208167	0.986997690954047	49.3415905146391
control.40	6.00383244383981	2.59976409024737	0	6.94779538557846	25.8143873510486	27.6593590448161	0.038	0.257339385222065	0.964490958757552	69.0251383155304
sample.01	9.38906599480412	3.18908914325451	0.0985011868510353	86.7042034363075	2.3945810785474	0.87834567827286	0.015	0.360011865047695	1.93945573637625	102.653786518037
sample.02	1.77847389937931	20.2131452148577	0.229299777834266	1.12968213726862	11.6024100514588	11.7888154136963	0.013	0.374537827188727	0.972405117804659	46.741826494495
sample.03	3.9284424640999	19.361042802664	0.39517494555487	6.64158329334711	13.0446557220389	1.7640969307205	0.00800000000000001	0.515904843677082	0.86868958737201	45.1349961584253
sample.04	2.08249055591111	14.4914796867656	0	13.9319129973609	1.3513221031788	33.6390508988498	0.00800000000000001	0.495676576773134	0.867142384340002	65.4962562420662
sample.05	8.3888626688299	11.2658917134869	0.517582660599278	3.12623881209562	22.7262294038451	1.0593966207892	0.055	0.205310924571621	0.97777383659003	47.084201879646
sample.06	3.08875901480403	39.8289905740684	0.116200340140679	26.7096534290247	2.8971407953028	0.415057630321556	0.00800000000000001	0.482050170504348	0.966257672280926	73.0558017836622
sample.07	5.06391442707054	58.0269516525697	0	1.60671479886859	0.636929514525969	1.71960727193878	0.00600000000000001	0.532423837962366	0.945465903990627	67.0541176649736
sample.08	2.43809764687177	33.48823719186	5.16945081377964	3.35753367068354	4.43685152024971	17.5719809506843	0.018	0.33150634756512	0.96178138480644	66.4621517941289
sample.09	14.565154378615	34.0381406003552	14.5762128934969	3.94450319341287	1.17343332273167	3.7873840570597	0.04	0.249773002197851	0.972135620821159	72.0848284456714
sample.10	9.44524671901259	11.2755379537914	0.519669065417081	5.39706286860765	25.2964087519852	4.33961017266563	0.043	0.239175175791118	0.969116918634928	56.2735355314796
sample.11	6.4248159067144	9.93043655741336	2.2842696429637	3.05176550776819	21.6231175324932	2.17279547198974	0.0620000000000001	0.194470619322433	0.979515778935868	45.4872006193426
sample.12	1.97483294355799	1.32940443108407	0.152729996182646	1.85360517701103	35.7164897535633	0.503273870358731	0.0570000000000001	0.200527214867133	0.981638463037322	41.5303361717577
sample.13	3.232927784232	1.75529836784168	0	3.6666399830289	4.15435675787149	32.67852552806	0.18	0.0961818149344128	0.999362801122446	45.4877484210341
sample.14	1.46774536620357	13.4683250993631	0	12.9149857580922	6.44953469494454	34.0579688485859	0.00900000000000001	0.435820754024907	0.898617442006467	68.3585597671892
sample.15	4.59302906427626	7.84315427771103	0	16.8018722940417	7.47753445088265	25.2529460981114	0.002	0.719042085674682	0.695833304186652	61.968536185023
sample.16	0.261814448703695	69.1363551762222	0.00945578621083029	0.670116247751159	0.036594754802287	0.0589925421927855	0.00900000000000001	0.470434182115356	0.952995895352509	70.1733289558829
sample.17	4.32332327357292	6.13370106113722	0	3.20688867435007	3.98562762065102	24.1914568440625	0.043	0.238088308640826	0.970476706770033	41.8409974737737
sample.18	2.14962614858306	9.11835226480728	0	11.1847907131363	0.250214429549282	46.264327108974	0.00800000000000001	0.498546382355098	0.870394339421688	68.9673106650499
sample.19	0	91.12391897857	0	14.4765364784893	0	35.8355804967842	0.027	0.295847453550069	0.95398834147732	141.436035953843
sample.20	4.55389164332731	36.302753568349	0	16.9047291877342	8.50261214786436	15.8914872122785	0.028	0.284905821208267	0.981368892305693	82.1554737595534
sample.21	8.9302008176656	24.7664331721399	6.22013098786602	10.8139354743564	2.19047562473803	0	0.00600000000000001	0.525946006659458	0.84916242769158	52.921176076766
sample.22	5.77474927120374	56.1583730569199	5.21734786679052	1.95272568096562	10.7322003058502	4.10246008117713	0.018	0.33771759539374	0.971630024779578	83.9378562629071
sample.23	2.83650780939451	34.3567981939941	1.29544050962126	1.04874426519201	0.210090463952309	15.6941692512276	0.013	0.373809126878626	0.971061301237103	55.4417504933818
sample.24	9.63237371909762	17.0998284887666	1.23234497934984	0.43016566100244	14.4676422358286	2.60864313516932	0.14	0.116272737467559	0.994071414585866	45.4709982192144
sample.25	2.50924139645459	55.8596410466609	1.2172960417923	31.2411777559942	1.57548862342063	0.107172761770249	0.01	0.422776295355822	0.98994815869232	92.5100176260929
sample.26	0.499545628325703	44.5914449627371	0	6.0932981898839	10.1741285652814	6.00606637776191	0.121	0.13425535473534	0.993660792701352	67.3644837239899
sample.27	4.39790694937595	21.8894385623526	0.018089047226508	2.65883339228116	2.8932532308889	10.3879631541688	0.018	0.329531735238432	0.956799293613856	42.2454843362939
sample.28	3.99669573174527	2.46207937747075	0	1.25884368677642	14.6950093424536	27.4275569223144	0.088	0.162114526206701	0.98945935651014	49.8401850607604
sample.29	17.2207210058958	9.61727475800602	0	0.0816649641756574	18.5939023209346	6.53802849532862	0.074	0.177845212769125	0.99404680367684	52.0515915443407
sample.30	7.57082748570623	5.23230173747781	0	0.036985870566503	4.03529465299405	29.2280014295718	0.129	0.126756026100119	0.99546878743901	46.1034111763164
sample.31	6.0369175629534	21.5253422257827	0	0.978228839373173	14.8021247863203	8.33177632981931	0.091	0.157174344817396	0.990286323515527	51.6743897442489
sample.32	9.31070163517332	3.43556388428299	0	18.3350665502516	13.5824196826849	57.6065215482839	0.017	0.350607235339477	0.939025043636978	102.270273300677
sample.33	18.7539963190593	3.37349183802364	0.148105105696603	2.83943055421488	26.508930762728	5.09631069222184	0.0629999999999999	0.193161542481161	0.981917071322266	56.7202652719443
sample.34	1.85849663674938	18.6054439582588	0.440160654012527	0.876996221088206	20.0052361080721	3.17406563429495	0.0620000000000001	0.194245920846809	0.987548323462522	44.960399212476
sample.35	9.92450214874969	15.6317467081392	0.560377236778277	10.9795861789804	15.0243686832072	6.42298345033624	0.005	0.587543887741203	0.81768015200168	58.543564406191
sample.36	18.4689902741406	1.52230139686592	0.44128836810127	9.55785607190924	0.419853725809762	67.5718111113654	0.0570000000000001	0.199574133000909	0.979051234917272	97.9821009481922
sample.37	2.59068974438074	19.8551819718587	0	24.0244806623851	6.15330793219939	34.4559999446393	0.023	0.307300586622416	1.01866371222997	87.0796602554632
sample.38	5.23493882750248	9.79779373905237	0.222782291536132	1.06214038859926	1.05185543046897	2.38311574570203	0.043	0.237248600962128	0.974453366555944	19.7526264228612
sample.39	0	10.6033966412102	18.736027680442	0.20055627407109	37.5681798043369	3.94999773532866	0.236	0.074670247413265	0.995896409583751	71.0581581353889
sample.40	18.0756222927744	26.4225419144758	3.71713421874501	16.3788953945298	0.874249345980205	1.91814249135022	0.005	0.577338560419007	0.81506129243974	67.3865856578555
sample.41	2.59163439379419	2.43085763933655	0.940556342969757	2.33599705901198	35.4412984324287	9.33326781177726	0.046	0.227914339429755	0.978731315529379	53.0736116793185
sample.42	11.2105436004204	30.2421544270995	0.676491094804862	1.06151290001828	8.03505890591538	1.62497818082018	0.044	0.235371893678972	0.983106111068311	52.8507391090786
sample.43	10.5748074252135	59.0004812221441	0.515969073198121	9.70321001225644	2.25829955318635	20.1269164592932	0.031	0.274773527627907	0.960229796097506	102.179683745292
sample.44	1.83942467969499	0.109827088209344	0	1.06729003515983	12.686126785756	21.22541803764	0.084	0.167231030602939	0.98821698034015	36.9280866264601
sample.45	5.33540352386926	9.8127322476476	0.212331232009524	0.733446592287887	26.9875690614131	12.0581146295569	0.0669999999999999	0.186561635827963	0.990987706236421	55.1395972867842
sample.46	8.19292447141387	17.1897618262915	3.19466289758075	0.496525962540688	24.0688725505953	18.8847051599163	0.019	0.325472774233501	0.987355097001378	72.0274528683384
sample.47	1.54395707474067	18.5930418391233	0.258839538911664	1.51043755364575	7.97538138351431	6.5394806066627	0.041	0.246712566875876	0.976267847067661	36.4211379965984
sample.48	10.5140893245513	36.2338046266846	0.96500865210866	10.0929248304172	1.52499334501673	8.32751731928903	0.015	0.360489673565173	0.930834871304271	67.6583380980675
sample.49	3.5716757327535	13.935808195743	1.22058926372168	0	8.5402584372983	3.01753879790813	0.0580000000000001	0.197847666051211	0.98985580507019	30.2858704274246
sample.50	7.03309130014137	16.6341592066219	13.1105404110179	10.6968257539935	5.02411734588951	1.48198614783836	0.017	0.353278552051242	0.942819384579434	53.9807201655024
sample.51	3.36233953242463	0	0	68.9472945845631	0	49.1026160133419	0.002	0.683402385874158	1.01569965144793	121.41225013033
sample.52	4.36878117743513	56.0732541781891	0.20809076944867	0.981532463270052	0.625268509397795	0.645580604716642	0.018	0.33950362977891	0.968767024333872	62.9025077024574
sample.53	8.92286022964828	4.38464114521242	16.8871925589051	25.0458164591794	0	45.135198888157	0.003	0.647916838291688	0.761085507942491	100.375709281102
sample.54	0	0.330959091425728	0	0.811694500815447	37.1253042811083	16.8011307110123	0.056	0.204997327967753	0.989093123972327	55.0690885843618
sample.55	2.61018286894397	26.8375684804533	0.343449795869684	0.492654450925085	3.75614602957947	2.28841923391702	0.093	0.151940083710953	0.989091117716311	36.3284208596886
sample.56	2.25151178233815	7.80967117372446	0.284709867751688	3.35407770167738	6.09685129273469	26.2178219613845	0.055	0.205383887473063	0.977098130468039	46.0146437796109
