Mixture	Astrocyte	Endothelial	Microglia	MO	Pericyte	Neuron	OPC	P-value	Correlation	RMSE	Absolute score (sig.score)
control.01	2.8089012280827	5.37412061430984	0	1.49752904507698	19.7351944744683	32.5434037567811	64.855979541066	0.149	0.119443096049687	0.993613358280956	126.815128659785
control.02	40.5776540311242	14.1179721291439	0	6.16161301033249	19.6548250192969	15.8259754218514	61.5594240077879	0.158	0.11388029764134	0.991986962286981	157.897463619537
control.03	0	9.26151459678086	0.834867774782464	2.40465297400101	33.3967114965384	54.9421214543926	26.4205897928042	0.194	0.0938530634175235	0.994607488317889	127.2604580893
control.04	1.38046023993212	62.1210090926266	0	16.8285852327726	8.51871357836477	31.4231777626861	48.2616092172939	0.118	0.143962374000511	0.997313353632535	168.533555123676
control.05	24.0377380441119	2.3146591882966	0	6.00227618326589	29.9345725267344	35.6949699343042	33.0747045764359	0.097	0.157570574953924	0.986558987422716	131.058920453149
control.06	10.6774501791575	0.335380361744143	1.03268827533329	6.70467987465429	20.4066475934365	78.6613543754851	4.77637882490403	0.089	0.166082637378689	0.984787863835132	122.594579484715
control.07	15.0552703608898	17.8745311572049	2.5512000724729	5.34578911980508	45.0951718388823	40.0202788214985	26.3530530474402	0.071	0.183179693313043	0.984808023714383	152.295294418194
control.08	3.82593185964264	10.5856863254673	0	4.59369875604086	6.66221181453761	23.5146825753433	75.5528177008646	0.077	0.178809394405693	0.984558845362243	124.735029031896
control.09	25.2629495996098	0	0.477621682165612	3.16025868996975	22.8192649838571	61.7860962510244	24.4981010436159	0.087	0.168497157420773	0.989378840736125	138.004292250243
control.10	19.8117838274579	11.5382688390705	0	1.55723956448079	5.25530330552877	48.1909616112538	41.5948718140296	0.146	0.120678723705699	0.993528263031031	127.948428961821
control.11	1.98171647945069	0	0	4.03001378905695	61.9937509716067	26.8465458670655	32.1968707657647	0.144	0.12314159717297	0.991490821729327	127.048897872944
control.12	13.2834283398035	0	0	9.19590741496505	44.4041202286432	16.5487339956871	32.9509079916509	0.054	0.205909668780252	0.97697890130922	116.38309797075
control.13	1.44601814598254	13.3862620846921	0	4.20062417960218	26.4215073735015	32.4260700672386	40.7636793221884	0.071	0.183193135443266	0.984579954033519	118.644161173205
control.14	18.3761675998702	0	3.52189579308943	3.97419017231417	77.725708625566	8.34115232090983	14.8784208360948	0.135	0.130039948664555	0.990906641901948	126.817535347845
control.15	13.262588575265	13.2445502004594	0.945670425762296	4.68637203418078	13.352608790645	42.3433153836138	24.9063703802109	0.079	0.175722768265748	0.984548082195551	112.741475790137
control.16	15.4701584652379	0	0.772807734092347	0.744474853823805	43.4624798505353	27.6395670782577	26.7567452707513	0.108	0.148015106550263	0.994045131029975	114.846233252698
control.17	47.2640583955754	13.9377624761897	0	2.53986874984179	36.4181665684047	6.87012030639884	39.3991789775467	0.372	0.0453562478664292	0.99777010470058	146.429155473957
control.18	0	14.4335228199206	0	1.23493346115767	17.1320356380559	38.217028210852	59.6244100655851	0.198	0.0916705073346426	0.995009041044373	130.641930195571
control.19	0	0	0	5.3095557277477	42.5323256193772	16.2659831753643	44.1573794931674	0.085	0.170236029863741	0.984474233232789	108.265244015657
control.20	0	13.5938390374148	0	17.5602568931111	34.8471356089222	17.470884987632	79.893864750588	0.078	0.177747815708441	0.988610104701091	163.365981277668
control.21	0	22.614099357823	0.611454258219387	9.80975044990039	113.270374571016	5.47018508005476	37.071643967209	0.04	0.240810562291845	0.973418320589415	188.847507684223
control.22	10.7715036526989	0	0	5.91295650678395	66.2904326794359	13.2651946460193	55.3889904798324	0.119	0.143204216224404	0.988773603497594	151.62907796477
control.23	32.9984816044301	7.64942063408863	0	4.96889142105457	20.2523477745264	39.5088898750143	33.4139708038829	0.264	0.0713112977115649	0.996456453324632	138.792002112997
control.24	0.50996959816282	35.7958923752795	2.09504394783694	8.17458849198926	41.1483312395315	18.7011071384477	9.44160520709047	0.316	0.0600415598235555	1.00700192662263	115.866537998338
control.25	8.79977296256105	0.577111411652262	2.45330287715514	4.23690711091253	88.7661868101322	42.7922137552109	13.9246119916863	0.128	0.135620704707738	0.991112739358184	161.55010691931
control.26	0	16.1898796042885	0	0.759138726938737	23.3224942775402	10.4002753993224	143.107744726751	0.034	0.267562917627717	0.984463849265934	193.779532734841
control.27	24.6712589970233	1.74048374260175	0	1.1994805182773	5.39291595149486	21.0069448657678	39.7847896698505	0.046	0.226451032907393	0.988175294132976	93.7958737450156
control.28	9.0546978069854	19.8768878890349	0	2.17469042390788	22.5310634958241	17.8262014320335	47.7541575581096	0.123	0.140703700770234	0.990620250059275	119.217698605895
control.29	26.4955830155821	21.2549323946404	0.53315850243281	4.82273370657743	14.2146252118308	21.2714303849105	39.4895528921893	0.235	0.0784202880069348	0.996021416282616	128.082016108163
control.30	0.605202953051226	0	0	3.67344093351605	59.2907609617742	44.5604606310807	22.3852519543817	0.029	0.286583263781087	0.978277969929182	130.515117433804
control.31	0	0	0	5.3463975882553	24.2470028628037	51.7737487882607	61.9333893547044	0.146	0.120767332926232	0.991316226791362	143.300538594024
control.32	29.0728441254711	2.36142073444291	0.838142327577196	4.00669646663784	7.04641569199103	42.1969626524404	8.26833543075997	0.475	0.0253898655057407	1.0024383924795	93.7908174293204
control.33	0	13.9094549001348	0	13.2320740351523	13.6752064698465	0.377793616588095	104.921941093585	0.175	0.102347785168519	1.00389417321803	146.116470115306
control.34	4.86884042921772	2.31791056515859	0.370422051937396	0.0268563492279426	88.237333264005	51.6013004570854	2.88655319271204	0.045	0.230527722852086	0.990228431947667	150.309216309344
control.35	14.8682990335426	5.85647323585487	4.84821787776116	8.58018159124808	9.72295502676992	75.7303532910339	16.9746117889238	0.134	0.130588963197574	0.990617890416214	136.581091845134
control.36	11.0494300595746	10.8603447226287	1.80735809429868	6.64747589927053	21.8611225643462	30.4649099500865	45.2901909342348	0.07	0.184084294076679	0.982141354283191	127.98083222444
control.37	1.53521089576724	27.9083141445904	0.0530537405232976	12.5822274489927	14.5371451566054	31.0188530132505	51.0302130349758	0.09	0.164293028301508	0.988250772676594	138.665017434705
control.38	14.2954388451522	29.5292486688753	0.341221437985412	2.33273340261049	24.7460745490161	22.8140277900375	17.9469962744032	0.211	0.0856033843170122	0.994850568544152	112.00574096808
control.39	3.35071955210424	11.2446886877732	0	2.88819921442858	13.9938087180237	26.7412826826233	58.7478976554966	0.177	0.10153796277298	0.993528836578893	116.96659651045
control.40	0	0	0	5.07074168988694	7.74385833694352	27.2524038302042	98.0126811207524	0.091	0.162556553499588	0.98644270961107	138.079684977787
sample.01	66.2331269259898	0	0.96648920621535	58.7489892543205	58.6341267755388	3.58579027599626	0	0.042	0.237832583755038	1.1299595639253	188.168522438061
sample.02	10.9974858583431	33.6672842258034	0.429130385698414	1.25975933572307	19.9731844130876	32.9870483871863	21.7876395504504	0.041	0.238795340834967	0.981629475016628	121.101532156292
sample.03	15.8993828539315	0.265144314738599	0.401061049180762	6.42070973525887	42.7361742982994	47.2752191798923	22.5678849145573	0.055	0.204148004118646	0.980397822279071	135.565576345859
sample.04	0	1.01542871154031	0	14.477062967394	7.23929019044678	7.42768578504355	109.458220551403	0.024	0.299039792184469	0.952674463481034	139.617688205827
sample.05	18.0808907218675	0	0.557661138722431	3.55396029732077	49.0503958550321	39.3343322825661	3.82935967972749	0.0659999999999999	0.192735180771612	0.98554838191699	114.406599975236
sample.06	26.8577196632682	27.8896874690365	0	31.4492859072078	24.0975656282126	8.96178708662148	30.1202194593703	0.027	0.28878786714131	0.992212852078536	149.376265213717
sample.07	29.9669544222388	65.5527236432403	0	2.24216954922731	24.2809904682947	2.86825389447389	7.19522442814633	0.02	0.327545095859982	0.961415305371969	132.106316405621
sample.08	11.2746180399713	31.7812706557517	3.4221936604731	4.3184921132781	24.1819068515309	12.7538017085075	34.7872857913758	0.025	0.293648963837247	0.969716333479486	122.519568820888
sample.09	21.6131709028579	0	24.2946516969119	7.50282305169825	56.4955982889882	9.29101855763052	57.3311294471733	0.136	0.129542429884553	0.990074389602067	176.52839194526
sample.10	11.9233684277219	0	0.422826106472533	4.3915094783805	40.1672794553365	47.8592916203813	25.8389546226179	0.07	0.184554315741052	0.985546287912338	130.603229710911
sample.11	13.0490636078351	0	2.00139009645676	3.08041700641837	73.1273175440986	25.1716516663037	7.26209563208809	0.088	0.167010782259557	0.988959857872005	123.691935553201
sample.12	17.2026141824114	4.35882502387218	1.09551451895624	1.85012983825478	24.6452761534865	57.0477065688616	10.2332928093601	0.0659999999999999	0.191441592734226	0.989591086857529	116.433359095203
sample.13	25.6067994549589	0	0	3.39169486397032	12.6849732366482	32.0678891783644	59.4676996822489	0.172	0.103900252735877	0.993524585382526	133.219056416191
sample.14	18.1550450279313	16.908856449567	0	12.8629397228335	20.7045551916129	8.17832073620454	60.0271658618218	0.023	0.309913009864443	0.950693473446438	136.836882989971
sample.15	54.1195259987218	0	0	20.2411095390993	13.5476291314091	16.2021806969657	54.913042369346	0.015	0.368715126955521	0.928384386399262	159.023487735542
sample.16	9.97610971135485	80.7223223964774	0	1.5174082765294	37.757567801107	2.49681829897379	6.86886054939403	0.031	0.27951757088482	0.965938723633503	139.339087033837
sample.17	13.9675659861416	7.58568132191771	0	3.25631936736542	12.6040368802134	12.6648073214751	70.8371129233449	0.208	0.0865033718403744	0.994794254728254	120.915523800458
sample.18	26.1730315808083	21.050313895003	0	11.19992636658	23.1083569146368	1.43382340153556	95.3842117313912	0.0649999999999999	0.193058523489333	0.979689185194892	178.349663889955
sample.19	22.9553050824444	0.0670872172317227	0	20.8951783916752	1.38274257954738	0.0269292138313007	162.245843631312	0.035	0.26508174908809	0.962601042688938	207.573086116042
sample.20	7.15638046625405	20.7923003084453	0	12.3325568289836	55.4583092005261	21.5981411384875	23.9574791872801	0.039	0.249949529799517	0.966680371242597	141.295167129977
sample.21	35.1326141169514	13.067834482582	6.52272226758199	16.1958429704555	32.4067668160064	14.6215718518761	15.0806721929979	0.025	0.296859768771996	0.953521283038973	133.028024698451
sample.22	12.9593200932935	5.21556716820325	3.13543704499499	7.37276975768318	87.2077208672401	16.4461793192895	40.2406433258252	0.133	0.13294071300794	0.989725956679019	172.57763757653
sample.23	7.53486745719438	7.61801696553987	1.26772145917398	1.62917164863198	78.7113903944583	0.528237019767357	36.9872380639747	0.026	0.290965344495446	0.983600836780439	134.276643008741
sample.24	49.3633522607873	0	0.874683262551656	1.32904418886222	20.3625265669975	46.7613885730398	15.1031926079743	0.206	0.0879472241473131	0.995980334886735	133.794187460213
sample.25	2.7054850149807	2.95730353955979	0	22.9966217542081	65.8029355781133	3.77592645206382	40.6273905357687	0.015	0.369780762960069	0.929888842296868	138.865662874694
sample.26	12.4245772472601	11.1610826772857	0	4.21810818570243	36.8685342956799	32.6392209840431	25.6282311709115	0.09	0.163812036694904	0.987084466971364	122.939754560883
sample.27	26.6468505648201	6.94813124624795	0	3.77001238240824	16.0574273389789	11.6299948788016	33.853985237569	0.095	0.159640571809068	0.986972330032342	98.9064016488257
sample.28	16.6502499344678	5.66430908851066	0	0.884053004865133	16.892393410642	19.2685984907866	45.1178453229556	0.0580000000000001	0.201796189487979	0.9902879349881	104.477449252228
sample.29	16.6216581550864	0	0	0.261099402705692	21.8738492774004	50.1672305894447	52.0197730849417	0.117	0.144644650786528	0.994271468160151	140.943610509579
sample.30	33.4233625513647	1.42289683935319	0	0.0268968636263649	7.67646449274489	21.1772757491504	62.0723120634473	0.051	0.217790235597159	0.990851674237477	125.799208559687
sample.31	18.972483921568	0	0	3.89336421288815	43.0012272855965	32.5603636726461	35.1152429707735	0.143	0.124393189486896	0.991683271070123	133.542682063472
sample.32	9.75841704135943	16.6250299188996	0	19.5204004883794	21.7599154213653	33.8006663674857	93.6005782180563	0.04	0.240639682490993	0.969338277161603	195.065007455546
sample.33	21.5624176448936	9.04923296576273	0	4.15937692306361	24.5968099513798	47.5400043795893	24.9649835912998	0.199	0.0915380064297267	0.994367632739282	131.872825455989
sample.34	1.68274016358868	19.9709938343321	0	2.0521582974743	16.7766161420728	35.4583452123664	57.6903988433209	0.238	0.077733198319636	0.995552964126799	133.631252493155
sample.35	13.531076404926	16.2573710767049	1.00188959689311	15.0049691005254	40.5446335680398	29.8880135027649	13.9965218328286	0.012	0.383576436446793	0.925119186513766	130.224475082683
sample.36	45.0707997613265	0	0.0782889847136738	3.94012311252544	62.5116400149634	3.02763004579981	57.9360348753773	0.053	0.21023032142555	0.986124531871999	172.564516794706
sample.37	0	15.6040621229125	0	37.9394000474996	25.0070494178525	18.3452923871497	56.4164980797541	0.035	0.26152050513996	1.03986911963802	153.312302055168
sample.38	11.0704543327199	23.6637910380612	0.790432953540957	1.0877146578812	40.7333406484739	5.10105564421088	5.48396520865153	0.025	0.295615099626109	0.975566204130682	87.9307544835396
sample.39	24.3483651108491	0	0.0353575789487546	0.245285531448973	113.783932983519	1.31521236979924	6.19282821264736	0.0669999999999999	0.189838056259517	0.991124694585878	145.920981787213
sample.40	31.7719253648227	25.9311510094423	9.90975586542937	23.0940276330404	28.0759555036226	0.994203421564387	35.4801068041553	0.025	0.298015769981256	0.957710687787224	155.257125602077
sample.41	0	1.0545936171175	0	2.21670503881169	17.0018160557614	42.6367957946612	62.8328086902367	0.087	0.168904779476974	0.989825392315252	125.742719196589
sample.42	23.2184743810494	39.3791717029316	0	1.791318760484	30.5988425027301	32.762297507863	9.53780504920594	0.125	0.137019318101408	0.990203893844308	137.287909904264
sample.43	0	8.52669117479329	0	12.1262857832946	61.9774260609354	2.9748063036537	95.8523463506009	0.054	0.20787121921904	0.976810099867766	181.457555673278
sample.44	5.99444090128012	0	0	0.458093085710783	13.3374469964186	14.0677806155246	93.8435065740637	0.036	0.255197199839046	0.98662968730525	127.701268172998
sample.45	8.20394398068027	16.2864851080969	0	0.957675067554238	28.8327698762289	35.2512082795805	36.1864009841161	0.089	0.164838708619549	0.991134146704569	125.718483296257
sample.46	4.22674431801574	17.2045241591363	0.282788086879197	0.0153418934268889	17.1675819645368	51.6592441157121	67.9319147888778	0.036	0.257652710818413	0.987290454214646	158.488139326585
sample.47	3.77897901581331	20.1605483923931	0	2.37409008328826	31.063953148004	45.5210665890427	23.6674007611703	0.145	0.121415861736783	0.992244256796317	126.566037989712
sample.48	14.6171978385576	20.4049139646356	1.4863398481999	31.7738472820607	8.4269846496736	3.08361861453047	55.7476834203429	0.049	0.220854686048161	1.05205289360173	135.540585618001
sample.49	7.68156325536653	4.69791189790334	0.540667546344087	0	58.3602482633573	22.5394555845249	6.27530933190192	0.029	0.28534021518745	0.987473513334113	100.095155879398
sample.50	4.31772242540555	26.2753934098613	20.2837905733181	12.3283363469676	48.2017048162808	3.24849040529858	0.925206717244544	0.0669999999999999	0.189710380640966	0.985034799298138	115.580644694376
sample.51	12.7139121105282	0	0	59.1506941320293	11.3267101722882	0	110.386661143553	0.003	0.587510861266749	0.837517079216095	193.577977558399
sample.52	23.9347487629568	33.9176668616861	0.959004946434099	2.44814007580371	76.587351367997	2.73486253349452	5.60165621834327	0.0639999999999999	0.194871133243681	0.985037232822856	146.183430766716
sample.53	0	0	1.17838204169435	30.7075115771281	54.8177027892106	1.00727261535335	92.9666316384232	0.00800000000000001	0.430744852900124	0.901051938354157	180.67750066181
sample.54	6.43133137502032	0	0	0.246020322964383	12.9355869328031	42.7893935533742	57.0699585259636	0.053	0.211875350920874	0.991036390478541	119.472290710126
sample.55	35.6597528999712	19.448351847094	0	1.45042312987284	15.5177230190863	3.70250026651239	33.6992109996479	0.397	0.0402238386575539	0.998201011264859	109.477962162185
sample.56	21.4985300597113	0	0	5.52235602113461	35.9618103360039	3.30177824998664	112.562444810471	0.086	0.169244854956126	0.986774533739478	178.846919477308
