Mixture	Astrocyte	Endothelial	Microglia	MO	Pericyte	Neuron	OPC	P-value	Correlation	RMSE	Absolute score (sig.score)
opc12.01	9.60145823251075	32.1645817858118	0.0814386583347672	1.44799586151141	19.6722075968713	27.8591878374418	26.3749019050003	0.025	0.292875812646712	0.976621719212481	117.201771877482
opc12.02	3.37629726717208	8.37681979188968	0.101568654040054	2.49744756614241	25.461540012143	47.2409035950515	14.8380016256259	0.024	0.301157568267319	0.978030761041937	101.892578512065
opc12.03	22.070704537984	13.5099683699157	0.74964395873152	3.45882550046596	24.0538699981271	67.3253195568995	7.00644408144954	0.042	0.246935549858178	0.982108420038107	138.174776003573
opc12.04	8.58921665277264	4.97075464324347	0	3.12936485241629	12.768967012067	43.3663270185461	43.7842195547211	0.19	0.0893597057546834	0.994609214097544	116.608849733767
opc12.05	30.6149456588378	15.4948161252781	0	3.93990148072791	12.4214274437866	28.6521222802293	50.598233397071	0.163	0.10569626949531	0.993099733310853	141.721446385931
opc12.06	34.3788067668736	18.9282976841295	0	0.90052274989985	16.5841753949659	23.427804102165	45.6410608164263	0.108	0.149431901340324	0.992082327757024	139.86066751446
opc12.07	31.7343136622401	0	1.0833370117873	5.69818673919046	25.3068713832333	52.6351188433628	13.3653036519545	0.108	0.14680096874725	0.988117965500472	129.823131291769
opc12.08	4.8989933145198	30.3668189157659	0.485636410444224	0.292788296162411	23.7556225843859	39.8933897041429	10.5540291106256	0.081	0.175481898451087	0.987467375907417	110.247278336047
opc12.09	1.20154321819519	72.6778924508101	0.785490022586054	13.2988291450519	13.1717911143905	8.42578470390453	3.98686780917581	0.052	0.216884398408006	0.983284491991376	113.548198464114
opc12.10	32.3656911491939	25.3555146272763	1.47907630878878	3.48949124730949	31.2777388963213	10.1170544806495	18.2429122615665	0.122	0.1330090499607	0.990168339325333	122.327478971106
opc12.11	9.93746792377861	35.4678536764532	0.29330846715287	0.579197939914657	42.4591900505984	2.88167106025337	13.6130111289966	0.129	0.125030534139008	0.990940287736451	105.231700247148
opc12.12	14.4395033968475	36.1061990440984	0	4.15168319024124	21.5898019259647	21.2856851619667	25.4954253990326	0.139	0.116992632550498	0.991545406245661	123.068298118151
opc12.13	1.92833099301667	5.98690308062971	0	8.56563356744599	15.3602001496096	24.1957833365945	58.4407200608524	0.079	0.180875523357959	0.982144431013212	114.477571188149
opc12.14	20.643924621325	14.2856844709083	0	1.39480787887864	20.8346439633878	75.4353082784292	1.68322554079514	0.141	0.115146074824416	0.993843766628043	134.277594753724
opc12.15	2.67407885715586	0	0	1.83580747518754	18.8699112017548	0.892527659694757	96.2352646766923	0.434	0.0266547349328697	0.999273811033968	120.507589870485
opc12.16	17.8060787436364	0	0	3.96620986588481	27.8480112045287	45.0070188782045	47.8311547850201	0.113	0.140098294483886	0.990459804467668	142.458473477274
opc12.17	23.3488496726775	53.6267157189017	0.221350006386769	0.305993092532644	31.39135118251	7.88986131743772	0.979914374010701	0.053	0.211693078467176	0.979537029252411	117.764035364457
opc12.18	0	15.8887554213394	0	0	50.0708294938995	50.4409113690732	30.8047663623009	0.128	0.126245186812267	0.993781600917923	147.205262646613
opc12.19	34.7398377364922	22.1845209070976	0.0661764678541031	4.00003056758232	17.5713281681011	27.535959779366	11.8830066046884	0.135	0.118787981666938	0.991481465741632	117.980860231182
opc12.20	24.7831229377209	6.26094490666479	1.25586111080848	62.1664758279614	114.901559826666	3.06617741880319	30.9594821411458	0.017	0.328774447046216	1.00283913688901	243.393624169771
opc12.21	21.5611030210932	11.501443546968	0	2.17742876688599	26.0496563126656	23.0354811367995	28.6419881936966	0.14	0.116029007271162	0.993036899717965	112.967100978109
opc12.22	4.45176963032755	37.2052922820743	0.999550042291359	8.07068235914621	36.198208765845	24.9669943087966	12.4212552858191	0.014	0.355657544646514	0.947362326704518	124.3137526743
opc12.23	0	0	0	0	19.3963748429207	1.29142325469967	88.2283644575115	0.204	0.0843159456611236	0.995578397541107	108.916162555132
opc12.24	24.2700450708903	4.6735789421187	0	6.39134898882393	21.219368170585	63.5594506017604	30.2953945339999	0.206	0.0829961095824373	0.995678974190939	150.409186308178
opc12.25	10.1574883027688	11.0560923085677	0	0.801872701721397	65.8980945794063	1.61741806475279	28.7546369951258	0.031	0.259894146135532	0.985957591373136	118.285602952343
opc12.26	20.4763295469886	9.03009042306412	0.599493418395467	0	24.2977131849136	34.5680413966417	7.86329429147407	0.043	0.239473866711309	0.989461175682491	96.8349622614776
opc12.27	25.2553971782902	18.8606208184653	0.74592652289327	4.69865694909593	14.2767014350266	54.5263632223084	1.58361715947164	0.074	0.186098166535744	0.983575975696164	119.947283285551
opc12.28	0	0	0	8.46186904817259	157.810971831809	1.74057608928829	0.143143990054828	0.145	0.113920543656811	0.99238170006083	168.156560959325
opc12.29	0	6.3930581735297	0	0.601702965808734	20.5287804345804	65.3743200098145	32.9135416369979	0.113	0.139645063399462	0.993585489904147	125.811403220731
opc12.30	0.770743193803501	12.6974742973715	0	3.58344036563053	29.5845542261017	1.3975264470689	67.3365840474407	0.138	0.117742669699579	0.991643937579755	115.370322577417
opc12.31	72.0357456352897	33.5491033520627	0.407129708197935	8.05040219374671	24.7085069486399	9.86311142410721	5.22893633215329	0.314	0.0475623222816271	1.00269609379378	153.842935594197
opc12.32	66.3894020445992	13.5691864897969	0.324677428999694	11.1194687420187	62.468720385768	2.47367881871113	5.15287352645003	0.172	0.10221272541853	0.9965989629302	161.498007436344
opc12.33	62.1583400756282	0	0	2.56676136834845	35.7447121157893	61.3824177042267	6.14943344835534	0.221	0.0761919007838581	0.996161387541141	168.001664712348
opc12.34	14.4339056995138	0	0	0.187755253377669	18.0305894249692	2.14900214791694	52.5626379141551	0.202	0.0847450775745231	0.995939008533625	87.3638904399327
opc12.35	15.917806211495	0	0	6.8908348933855	23.0308538886729	56.8194819990833	39.1150779917098	0.26	0.0627618902037864	0.999026340308644	141.774054984347
opc12.36	23.8753827572159	0	1.24182623243844	39.8174117021915	70.0710390795861	6.17219942903244	13.5100210797488	0.019	0.315154421026419	1.0135312475321	154.687880280213
opc12.37	0.651180899783885	0	0.679672419655664	0.878269100418013	128.790358070431	10.4608392275612	0	0.0659999999999999	0.193363870591693	0.989710697474457	141.46031971785
opc12.38	16.0468023011298	1.51544875419702	0.833197892789178	0.527885907267114	91.9430068317144	9.8231204547129	3.19503102030659	0.023	0.304843981353077	0.985775367187919	123.884493162117
opc12.39	128.564734472712	17.6060127333265	0	0.0524862371512815	7.90635474826013	0.23163531654869	1.53080034447754	0.037	0.250882500390665	0.985893780648135	155.892023852476
opc12.40	28.1061292111793	10.5345868021121	1.00027250727429	1.68328564330922	23.2488370134146	59.5316879254611	0	0.129	0.125362268374476	0.993277764713244	124.104799102751
opc12.41	8.90611686506762	31.0600024490036	0	0.559614786134527	20.2055082785081	17.574489270633	17.8712851179705	0.164	0.105420662740383	0.993006626709775	96.1770167673174
opc12.42	15.7458481651506	2.88410832324806	0	17.8753480807602	17.1090969074645	1.44837599832617	40.751070402993	0.0639999999999999	0.195614451446547	1.02318629285304	95.8138478779426
opc12.43	25.9462773386373	4.73573313063126	0.607400970385955	13.6403900136946	46.2314740882208	29.1631673879535	24.035814626978	0.13	0.121809584569212	0.999141152589687	144.360257556501
opc12.44	4.53873128163375	19.4130975167447	0.940256266090435	7.31823705093426	71.3506887435583	29.7132899716366	11.2489275542219	0.173	0.100736115065954	0.99423843494683	144.52322838482
opc12.45	32.3358483248507	23.6073043402723	0	14.7962550980649	36.8827617655687	10.630908185184	17.7093831215973	0.139	0.116867439895516	1.00649907112884	135.962460835538
opc12.46	0	0	0	0	0.06717486830325	1.22051478996791	73.7684203512104	0.111	0.142356744153592	0.99144489678781	75.0561100094816
opc12.47	22.0840032374471	68.1471106586359	0	0.0787343103322222	16.6025526229301	2.8424261944158	9.18142702297633	0.184	0.0922206670947856	0.995995284655191	118.936254046737
opc12.48	21.5735306804908	9.41151814396023	2.88264249339258	32.7288040097782	83.8313663581431	7.75663215122534	24.3683183557715	0.078	0.182611743030037	1.02300554762408	182.552812192762
opc12.49	7.9134377669589	2.1304544076536	0	4.05058516162402	11.8560503888051	35.2408588325995	43.4591883632266	0.109	0.145677143600195	0.988482160650759	104.650574920868
opc12.50	2.17633462173879	0	0	1.79731692973381	9.49217898123163	7.42070637384678	79.5302283454616	0.073	0.186304955825738	0.987299193203232	100.416765252013
opc12.51	37.0472025415968	2.62531112720545	0	9.29367771010677	11.9033660467295	27.1904022830746	51.7003957408926	0.078	0.181192327965572	0.981878131835381	139.760355449606
opc12.52	36.445518949405	18.0762500532996	0.978067753055935	0.681136097946078	35.4554772678199	27.6947096169209	2.23656734892811	0.053	0.212853360503953	0.988395112057994	121.567727087375
opc12.53	32.8491718613464	17.1377727709985	0.846913909767811	1.92700040353297	26.8328227018177	46.2796398124979	5.68554993120984	0.08	0.176906805538442	0.989606805448746	131.558871391171
opc12.54	20.5198499607294	20.7414408540197	0	4.78113885175645	20.3829598371534	30.819018149025	2.56764307372857	0.054	0.207185438887073	0.979016673763707	99.8120507264125
opc12.55	0	0	0	0.0276853105059972	18.0722253242798	54.1372773779558	39.6336037469933	0.025	0.291027321532103	0.988313351748075	111.870791759735
opc12.56	0	0	0	3.6442668028518	1.193023090265	0.00516695477506484	78.7432334331582	0.018	0.324988364517014	0.962519200104904	83.5856902810501
opc12.57	0	0	0.398462815562349	4.0937089965499	26.8310253156159	63.3841542141044	8.30272664611426	0.101	0.155491899195104	0.987404311876517	103.010077987947
opc12.58	11.5287494240713	4.49811794789629	0	1.61373024565293	92.7427122070714	15.049772661536	3.17792968147072	0.027	0.272485740170921	0.98483210451751	128.611012167699
opc12.59	17.7271153014164	30.8427438589006	0.530141523756274	5.27571956700457	34.8123748529565	50.9804362314265	13.9893277568919	0.098	0.159235531313944	0.986959610585891	154.157859092353
opc12.60	9.34455341393116	1.11037474146933	0	4.81862688769887	5.50872774147853	1.21275796588961	86.919403519827	0.3	0.050504620501571	1.00070932543911	108.914444270295
opc12.61	1.98989031607054	10.0712376058891	0.537600376560033	6.89522637772558	54.1382865104989	33.2073767004998	10.3558907509749	0.046	0.231002967602867	0.973950003042182	117.195508638219
opc12.62	6.14180184595216	0	0	15.2796484231208	12.9425950481852	22.2730846988471	36.2857494029461	0.0659999999999999	0.193512986599792	1.00865997551122	92.9228794190513
opc12.63	0	3.98130935283398	0	1.17091881079423	3.67155046424721	7.89016007058682	97.2725678083473	0.711	-0.010149879332077	1.00160641934666	113.98650650681
opc12.64	24.3189890251493	58.75340108192	1.28688846216277	4.22955694725072	45.3412384996716	28.1775901261488	8.73154083549995	0.152	0.11127034848904	0.992222773645624	170.839204977803
opc12.65	31.9427192476963	35.0128104226411	0.402035565614642	1.42503840438023	15.0303289723152	21.1707956022069	6.42097616490575	0.126	0.128907246623734	0.990765025414396	111.40470437976
opc12.66	2.06451774186008	13.0276570878705	0	3.5018494902839	27.0046151076371	53.2912098150023	20.4410997627649	0.099	0.158096583964902	0.988267074816822	119.330949005419
opc12.67	23.6132023601701	15.8162938067524	0.567672809667251	1.95348516540721	19.8458798585868	41.9967803505586	8.15269811243273	0.08	0.176123478898041	0.988909894774988	111.946012463575
opc12.68	12.7995348229152	96.2990242023996	3.0187801803733	12.2718102879774	46.4003470840341	5.84742024600526	0	0.109	0.1441309270489	0.991759176941881	176.636916823705
opc12.69	8.00427845889173	11.3958157840927	15.3131685153368	0.157428647501905	61.9023823718336	2.65640179135057	14.1245092093911	0.15	0.112348847761401	0.994033195043946	113.553984778398
opc12.70	22.1525366401232	14.8692198196188	0.0276991998603552	0.692041519309917	58.1436121314308	26.6791375428466	24.1871425391552	0.075	0.185718918691793	0.990977822904564	146.751389392345
opc12.71	85.8855289797506	23.1769348801662	0.0789508887877738	2.8820965344717	18.6480482793547	14.4559617908483	1.04619751169596	0.227	0.0747904768258714	0.995811083075137	146.173718865075
opc12.72	2.5559453297209	6.34538907823226	0	3.52944425992612	23.2626967809144	60.622666812529	28.6335296213332	0.101	0.155449129966907	0.98895102434714	124.949671882656
opc12.73	6.13198892983404	25.947940437388	0	11.2572819234134	30.3427350062819	1.775100759076	59.925520430111	0.131	0.120274601528465	0.997091119723568	135.380567486104
opc12.74	4.80474391123894	5.74952678202647	0.072364615522324	5.70164154291887	68.6682951497615	34.1512954204899	37.2275722419724	0.126	0.128899023202194	0.990524990244564	156.37543966393
opc12.75	22.1638552085637	27.855802228055	0	11.3998339611935	17.7766505176447	44.7391012711933	21.7289791202097	0.193	0.0872159807127586	1.00247153677397	145.66422230686
opc12.76	12.6131915920524	16.4660944082679	0.82102280107159	0.546526256290019	21.3025356226615	47.0989836140691	5.70971317755894	0.042	0.244135259083491	0.986224630831163	104.558067471972
opc12.77	16.1332525555267	75.3496028710934	4.70890726717261	75.714052476996	49.2314483740072	10.5197001249293	15.3884618665808	0.043	0.24039232019614	1.12271026893592	247.045425536306
opc12.78	25.7212532265468	16.157993188297	0.643686885678073	0.881072896536676	15.8341322769223	51.0854222075661	7.70658655473798	0.246	0.0655316748319008	0.996590312061556	118.030147236285
opc12.79	13.948311901157	0	0.522543026594481	0.00998206884167472	111.919901565601	32.6009628200921	2.50497244955121	0.024	0.297220122462291	0.987302106145697	161.506673831837
opc12.80	11.9059946043057	5.18265672323736	0	1.09721809788536	38.4412572198541	18.7418730640958	36.3289820295393	0.123	0.132653716366474	0.99357596584819	111.697981738918
opc12.81	0	48.3123173901425	0	16.1962942225189	27.5912398085991	9.2304378532805	52.4151912414195	0.131	0.121027112711001	1.00551309223793	153.74548051596
opc12.82	12.8316768493617	23.6973950794873	0	7.21799529562629	12.2141441985056	0.589180176530217	80.6080183073944	0.174	0.0987386375364544	0.995120886238248	137.158409906906
opc12.83	17.9297382516934	12.3797569442684	0	52.4829722995436	35.4319028723384	9.23624725086997	0	0.028	0.267142113201993	1.25924521355771	127.460617618714
opc12.84	6.45504013847315	4.47572725174692	1.51297511871432	1.5866789198883	50.6544776231984	55.5800138616697	11.232501387243	0.07	0.188180090763899	0.990668417910269	131.497414300934
opc12.85	7.93545608279758	15.5043276901042	0	0.87235440492912	34.9362181637859	55.253081483692	21.0931763646659	0.092	0.163852206158922	0.99162147234841	135.594614189975
opc12.86	22.0299527917531	4.54800785716426	0	0.502846239464636	39.2427162181124	55.3326176899482	11.4953896574529	0.031	0.258830653010268	0.989909795174667	133.151530453896
opc12.87	0	0	0	1.8224006417211	23.0339933094499	1.89082209137568	91.8949772773612	0.026	0.284871237970357	0.980846217430538	118.642193319908
opc12.88	13.0589816979826	3.82040260895731	0	5.74934488923275	11.3493837664621	19.4053234429756	57.435423681889	0.13	0.122591310593066	0.991178328326334	110.818860087499
opc12.89	6.26067289581007	20.739132707267	0	8.81972256688711	25.1365173039428	2.13883273942892	65.2780134858947	0.268	0.0599035089630776	1.00540085529924	128.372891699231
opc12.90	52.944974741856	10.7384984842944	0	19.4556325398617	30.0807084407141	1.77516220883429	44.4068113444238	0.376	0.0353232643852499	1.03839877341525	159.401787759984
opc12.91	6.08485881877438	133.742837065293	0.590363874821413	0.341171888911836	48.2189352139019	0.325780515693876	0.438253993892799	0.051	0.218812193193462	0.974554518035108	189.742201371289
opc12.92	6.99193820979053	0.380414013151483	0	5.03291146116616	33.2592717985775	63.7912439887475	0	0.173	0.100885901356423	0.99376802110986	109.455779471433
opc12.93	45.8580764021869	78.4678662577813	1.4801183211056	1.54574615522524	25.3590235698556	2.37666849014973	3.13972332101255	0.092	0.163288824590989	0.985357827664238	158.227222517317
opc12.94	14.0274060218591	0	0	41.63666551831	54.7410930418566	12.4680486643475	30.019073377043	0.481	0.01975030836607	1.21625702103883	152.892286623416
opc12.95	3.97289372591635	0	0.962493420107386	5.90741526040808	62.5414911013784	2.63546289124546	8.65647173982166	0.295	0.0514366250703062	1.00633429434277	84.6762281388773
opc12.96	38.7260730977144	32.9507145100694	1.06603558526993	1.63152367286482	19.4898046814106	17.5119849510981	14.42746920743	0.204	0.084303493846514	0.994971134678398	125.803605705857
