Mixture	Astrocyte	Endothelial	Microglia	MO	Pericyte	Neuron	OPC	P-value	Correlation	RMSE	Absolute score (sig.score)
opcBulk_12dpi_CKO_21724_tdTpositive	37.5263828870426	2.80227365108632	0	3.50763547363119	0.277678082528882	5.82255208257178	29.1353414717773	0.016	0.336229537337437	0.963553483014914	79.0718636486381
opcBulk_12dpi_CKO_21725_tdTpositive	32.0080884736148	0.6555255713016	0	1.72864223358784	0.172649819055329	10.1483439259486	19.1296236985989	0.05	0.228841062177329	0.983044627650102	63.8428737221071
opcBulk_12dpi_CKO_22017_tdTpositive	31.5390480961624	2.16101039989686	0	2.47403533797207	2.61506428330975	10.8616052820393	28.5173959560826	0.017	0.319561976712278	0.972730397938721	78.1681593554629
opcBulk_12dpi_CKO_22208_tdTpositive	27.9900420222077	3.02105156568174	0	2.24680273628527	1.91639770488353	8.77946016949965	28.1192269687537	0.028	0.28708672693551	0.975888229235765	72.0729811673117
opcBulk_12dpi_CKO_22210_tdTpositive	31.2242256187807	1.67694208273321	0	2.73038270773494	1.52242171238819	6.98615659839254	28.041109916888	0.027	0.289051865378895	0.972597835848072	72.1812386369176
opcBulk_12dpi_CKO_22363_tdTpositive	23.9221256612553	0.706910108057216	0	2.35237595334732	1.60998132187416	14.2299474894685	25.6065425640165	0.017	0.31889497078804	0.97138888298091	68.427883098019
opcBulk_12dpi_CKO_22364_tdTpositive	25.4916600964898	4.31546879562646	0	2.43234475915988	1.70244989550149	11.1918261897673	26.5625886325323	0.013	0.366275075173114	0.966469195243815	71.6963383690772
opcBulk_12dpi_WT_22056_tdTpositive	36.7455193551407	0.274295977173501	0	6.65510383212156	4.23072060670724	3.24224813284366	31.3577225107983	0.00700000000000001	0.455909260555768	0.91979393972707	82.5056104147849
opcBulk_12dpi_WT_22178_tdTpositive	34.4140871982664	1.81690192311515	0	4.88384111138532	0.460523015474516	6.87390143302279	32.726576551541	0.00800000000000001	0.447162043078724	0.936228559559082	81.1758312328052
opcBulk_12dpi_WT_22180_tdTpositive	31.7038813477347	2.63143685359867	0	2.30161400550665	6.12556688797276	7.63745549020189	25.2829410456293	0.026	0.292088397614849	0.976058702968129	75.6828956306439
opcBulk_12dpi_WT_22280_tdTpositive	27.4695350043098	0.546546209784097	0	2.56918848273391	3.53992992373402	9.43897593503976	31.0047822048543	0.023	0.297886939102358	0.973309943704393	74.568957760456
opcBulk_12dpi_WT_22281_tdTpositive	32.2607403452231	1.21636897339769	0	2.96359177507813	3.52748886826627	12.4148994315061	27.7977140223219	0.017	0.312975833461394	0.970668512213457	80.1808034157931
opcBulk_150dpi_Tumor_16713_tdTpositive	4.50175842159073	0	0	3.34946374465341	9.7598705699496	0	84.9335142934256	0.054	0.221646915720373	0.980213917079636	102.544607029619
opcBulk_150dpi_Tumor_16839_tdTpositive	23.1188197507893	0	0	0	5.70346223920612	0.191648804743545	50.3918831139008	0.016	0.335857037342432	0.983780568184028	79.4058139086398
opcBulk_150dpi_Tumor_16840_tdTpositive	12.1063472595177	0	0	0.338908571367076	9.19062741275296	0	48.5857772523284	0.003	0.60244416068629	0.968188128190663	70.2216604959661
opcBulk_150dpi_Tumor_16844_tdTpositive	27.3772800790719	0.43219259367926	0	0.536106436112698	0.690098963371774	0.22149399924736	67.1230347182884	0.00900000000000001	0.434093513600866	0.976083923121561	96.3802067897714
opcBulk_150dpi_Tumor_21256_tdTpositive	38.8699319719475	0.271826488496155	0	0.53175869742292	2.35941706580222	5.70502456139891	57.1750936411946	0.035	0.264791730791906	0.987165281374381	104.913052426262
opcBulk_150dpi_Tumor_21349_tdTpositive	12.0229307221076	0	0	0.094685658325505	14.9265217224963	0.17703199933884	30.7382231506451	0.013	0.375861764229675	0.983740320349338	57.9593932529134
opcBulk_150dpi_Tumor_21354_tdTpositive	29.3201546337957	0	0	0.903856171774231	8.77602910172298	0	46.2367059518913	0.01	0.4265261861756	0.976830875757319	85.2367458591842
opcBulk_150dpi_WT_21590_tdTpositive	27.4776188202298	0.402693490969089	0	1.88014210382518	4.70095607729977	7.26572771659224	29.4303604115267	0.035	0.260903961262575	0.980458200981154	71.1574986204427
opcBulk_150dpi_WT_21591_tdTpositive	28.6685212997461	0	0	1.65544695326187	1.54530392662603	4.01914812061302	37.700481413021	0.113	0.146942828165845	0.990301297956982	73.588901713268
opcBulk_150dpi_WT_21592_tdTpositive	34.7971493285006	0.143892376797959	0	1.50082622935035	1.19016276865013	2.06970970201492	30.2782468398693	0.092	0.16153144130062	0.989453153806211	69.9799872451833
opcBulk_150dpi_WT_21593_tdTpositive	30.9680007768733	2.02248827152063	0	2.69734037820916	2.79517190528038	1.76519196262265	30.9989073177557	0.016	0.348663428562912	0.965527286661124	71.2471006122618
opcBulk_150dpi_WT_22062_tdTpositive	25.1877640990225	2.29350626556589	0	1.5070252854747	7.83901415122282	7.2714265228848	22.4767418313553	0.0580000000000001	0.214999733982729	0.98569708653812	66.5754781555261
opcBulk_150dpi_WT_22064_tdTpositive	30.6435862855966	0.357142988635985	0	2.24029099221152	7.39390505453639	2.91823045443844	26.1639231118361	0.02	0.302035251567269	0.974116483342291	69.717078887255
opcBulk_90dpi_CKO_20642_tdTpositive	26.9462131914961	0	0	3.09766190268029	1.77910814779568	5.23537621061475	40.020770043653	0.017	0.317044292154388	0.967747760765135	77.0791294962398
opcBulk_90dpi_CKO_20647_tdTpositive	33.3088535526176	0.27473884605345	0	3.07433342351062	3.66942563339914	1.41699252351458	30.5183168493863	0.023	0.298100784424794	0.969217411861927	72.2626608284817
opcBulk_90dpi_CKO_22146_tdTpositive	27.4397830679394	0.876125925597996	0	2.01374109952781	1.4630107519053	9.71989109980693	30.3409370733263	0.05	0.226749111155337	0.982686027049223	71.8534890181037
opcBulk_90dpi_CKO_22149_tdTpositive	31.2064384623501	1.02731143837392	0	2.72225572528611	1.07332840995422	2.63336240951764	39.5910175642954	0.032	0.270384224679307	0.97548220826473	78.2537140097774
opcBulk_90dpi_CKO_22152_tdTpositive	24.1437278954691	1.21628723750983	0	1.24499953492309	0.0664054924541677	10.5016989102005	27.0315009162757	0.032	0.272149162630418	0.982573781204701	64.2046199868324
opcBulk_90dpi_CKO_22154_tdTpositive	30.9256739767701	0.304400162739411	0	1.93425478509785	0.0576643437353719	4.24699644376821	35.2983001110886	0.033	0.267783570511891	0.979252124009618	72.7672898231995
opcBulk_90dpi_CKO_22212_tdTpositive	24.8156979188164	3.37953522475566	0	1.25064479381056	1.06998207044054	8.78682510484039	31.6112408377102	0.036	0.259164147431279	0.983865284423458	70.9139259503737
opcBulk_90dpi_WT_22184_tdTpositive	28.7505010272479	0.66200154792805	0	2.06769750521126	6.56010592921946	5.14312816441773	24.4574785093633	0.027	0.288915684545237	0.976256014002176	67.6409126833877
opcBulk_90dpi_WT_22185_tdTpositive	28.2031173095908	1.53327339772219	0	2.30439684172594	5.7780894717231	3.76797809077918	27.5821477667687	0.025	0.293920980506728	0.974220113579045	69.1690028783099
opcBulk_90dpi_WT_22254_tdTpositive	28.7480045793456	0.51490647448845	0	1.70470065920483	1.64285038702673	7.58735454460159	25.0260523530048	0.031	0.277934162597821	0.979156284454173	65.223868997672
opcBulk_90dpi_WT_22255_tdTpositive	29.8925382695347	0.443269839231003	0	2.16276591267805	3.88013232840865	2.67058896796609	29.4842714213306	0.036	0.256915801758903	0.97848271484759	68.5335667391491
opc12.01	8.19665623231258	27.4585394603596	0.0695232609699895	1.23613767984033	16.7939409928641	23.7830733712634	22.5159552685688	0.026	0.292875812646712	0.976621719212481	100.053826266179
opc12.02	2.90518403831352	7.2079562981166	0.0873962240763357	2.14896504411147	21.9087520383284	40.6491218691783	12.7675740825226	0.021	0.301157568267319	0.978030761041938	87.6749495946472
opc12.03	18.1638149377252	11.1184744856398	0.61694424444625	2.84655463463911	19.795926425011	55.4075943951012	5.76618446628872	0.045	0.246935549858178	0.982108420038107	113.715493588851
opc12.04	6.93228068893281	4.32246095779639	0	2.6204870837148	10.3864403218594	36.2982759034468	36.6381433424097	0.211	0.0888204623747166	0.994648637975154	97.1980882981599
opc12.05	26.3866056309042	13.3329848550753	0	3.39263571985902	10.5758218662042	24.5841904310814	43.6755877046321	0.177	0.10551503906274	0.993114285085579	121.947826207756
opc12.06	28.1655159602715	15.5073814556247	0	0.737771036001475	13.5869130055131	19.1936908930027	37.3923398675794	0.111	0.149431901340324	0.992082327757024	114.583612217993
opc12.07	25.780036380737	0	0.880071580363476	4.62904170558314	20.5585686171214	42.7592445555523	10.8575852011244	0.113	0.14680096874725	0.988117965500472	105.464548040482
opc12.08	4.09411232795988	25.3776969475506	0.405848689160873	0.24468459045414	19.8526883049287	33.3390980771006	8.8200530021945	0.081	0.175481898451086	0.987467375907417	92.1341819393494
opc12.09	1.0177062635585	61.558123960398	0.665309498520874	11.2640989637024	11.1564978407826	7.13663373793619	3.37687423967461	0.056	0.216884398408006	0.983284491991376	96.1752445045733
opc12.10	26.6237067700851	20.8572028735442	1.21667396979893	2.87042199460198	25.7287676931837	8.32219187373967	15.0064444613733	0.136	0.133009049960702	0.990168339325333	100.625409636327
opc12.11	8.48732081016837	30.292128227124	0.25050677659128	0.494677192050405	36.2632382879932	2.46115680023702	11.6265021965726	0.147	0.125030534139031	0.99094028773645	89.8755302907369
opc12.12	11.5263790655826	28.8218871080068	0	3.31409418286298	17.234127387221	16.9913652225041	20.3518036258548	0.156	0.116992632550496	0.991545406245661	98.2396565920323
opc12.13	1.63400327668962	5.07310170631097	0	7.25823179050356	13.0157205718124	20.502698653519	49.5207142432189	0.075	0.180875523357957	0.982144431013211	97.0044702420544
opc12.14	17.1886069540131	11.8945898100128	0	1.1613491545904	17.3474042694162	62.8091745265024	1.40149234055916	0.158	0.115146074824414	0.993843766628043	111.802617055094
opc12.15	5.72844874500067	0	0	1.53178021792415	15.7189366397073	0.953134997007765	79.8123812302019	0.475	0.0260534280981973	0.999225495456488	103.744681829842
opc12.16	15.2536858728356	0	0	3.39767785322036	23.8561685148625	38.5555370121169	40.9748502480624	0.122	0.140098294483885	0.990459804467668	122.037919501098
opc12.17	18.7923856870039	43.1616092032235	0.178154159630692	0.246279379628774	25.265415081593	6.3501765171633	0.788686771074012	0.0600000000000001	0.211693078467178	0.97953702925241	94.7827067993171
opc12.18	0	12.6991749010048	0	0	40.0193850506047	40.3151750187996	24.6208784417517	0.142	0.126245186812285	0.993781600917922	117.654613412161
opc12.19	28.0319719135011	17.900943340593	0.0533985478655149	3.22767035857021	14.1785054215652	22.2190804977719	9.58853377258731	0.152	0.118787981666939	0.991481465741632	95.2001038524542
opc12.20	20.8601903425827	5.14334488825142	1.2755046141607	50.9894229295273	93.9532979350739	2.98733146983576	25.3198865792397	0.017	0.32873748286925	1.00184182820056	200.528978758671
opc12.21	17.9410610999131	9.52508695402925	0	1.81272460368796	21.6801983762543	19.1431780887027	23.8462830085939	0.157	0.116078205647918	0.993033957988164	93.9485321311812
opc12.22	3.74856055582802	31.328281267414	0.841659423835726	6.79582369761715	30.48027836995	21.0231655802567	10.4591727525819	0.014	0.355657544646514	0.947362326704518	104.676941647483
opc12.23	0	0	0	0	14.8710261178214	0.990122592753375	67.6438933980939	0.223	0.0843159456610564	0.99557839754111	83.5050421086686
opc12.24	20.3322966795004	3.91530354923794	0	5.35437010699554	17.776583757292	53.2471036887793	25.3800496821674	0.229	0.0829961095824374	0.995678974190939	126.005707463973
opc12.25	8.45969150893322	9.20809627703674	0	0.667841840797492	54.8834056758224	1.34707099441655	23.9483769195002	0.036	0.259894146135523	0.985957591373136	98.5144832165065
opc12.26	16.3551190918085	7.21263075689913	0.478835146216684	0	19.4073841156905	27.6106336594776	6.28067224137458	0.047	0.23947386671131	0.989461175682491	77.345275011467
opc12.27	20.5119483553493	15.3182338589684	0.605827190380666	3.81615889859	11.5952626067482	44.2852645921723	1.28618343082931	0.072	0.186098166535744	0.983575975696164	97.4188789330381
opc12.28	0	0	0	6.63652312092479	123.768892822138	1.36510898410568	0.112265788262086	0.161	0.113920543656875	0.992381700060822	131.88279071543
opc12.29	0	5.36562810027079	0	0.505003122719489	17.2295946907109	54.8679957165248	27.623997638268	0.124	0.139645063399454	0.993585489904147	105.592219268494
opc12.30	0.62649353761777	10.321058499549	0	2.91277594087948	24.0476103908234	1.13597018407468	54.7340996199011	0.154	0.117742669699579	0.991643937579756	93.7780081728454
opc12.31	59.8571361565084	27.8771772203163	0.338298967575594	6.68937367103024	20.5312022747256	8.19562008046148	4.34491447582876	0.361	0.0475623222816268	1.00269609379378	127.833722846446
opc12.32	46.1262799711222	9.34969523451572	0.224704374657466	7.72461313575095	43.8078345481	1.72830530652389	3.62062304135222	0.183	0.102443021159925	0.99650549065476	112.582055612022
opc12.33	49.5233178478153	0	0	2.04501180285267	28.478829024945	48.9051184207237	4.899428570297	0.246	0.0761919007776316	0.996161387541355	133.851705666634
opc12.34	12.0404473885711	0	0	0.156621312157623	15.0407220246413	1.79265043284416	43.8465990831067	0.222	0.0847450775745169	0.995939008533626	72.8770402413208
opc12.35	19.1551963106164	0	0	5.32700352844603	13.0509988757239	33.8172252126079	40.9412759312147	0.28	0.0682423370421372	0.998171938865633	112.291699858609
opc12.36	19.2418563473289	0	1.00082340944624	32.0899951170191	56.4722619020618	4.97435270329314	10.888113816201	0.017	0.315154421026418	1.0135312475321	124.66740329535
opc12.37	0.531682821371092	0	0.554945868062968	0.71709811112147	105.156064876935	8.54117268529532	0	0.07	0.193363870591685	0.989710697474458	115.500964362786
opc12.38	13.0464400101393	1.23209664387073	0.677410123258633	0.429184063722627	74.7518976349671	7.98643551034885	2.5976378193454	0.02	0.304843981353141	0.985775367187917	100.721101805653
opc12.39	91.7459634730762	12.5639477107137	0	0.0374550644518666	5.6421081326051	0.165298871921688	1.09240495131736	0.043	0.250882500379572	0.985893780648752	111.247178204086
opc12.40	20.8834142722579	7.8267685245458	0.746264521891348	1.25073274900836	17.2738809803096	44.2333651631054	0	0.147	0.125358806375675	0.993278083143371	92.2144262111183
opc12.41	7.15097023125686	24.9389443525891	0	0.449330357691064	16.2235675093992	14.111048789037	14.3493544727863	0.178	0.105420662740385	0.993006626709775	77.2232157127595
opc12.42	13.0740753649485	2.39472965719732	0	14.8422393974198	14.206006564288	1.20261396911009	33.8363840463244	0.07	0.195614451446547	1.02318629285305	79.5560489992882
opc12.43	21.9164283585127	4.00020220734938	0.513062420423888	11.5218313061095	39.0510274957303	24.6336867683737	20.3026893775703	0.149	0.121809584569213	0.999141152589687	121.93892793407
opc12.44	3.64717890183823	15.5997425908358	0.755559781622989	5.88070059993372	57.3351252739644	23.8766469227511	9.0392774320201	0.185	0.100736115065951	0.994238434946832	116.134231502966
opc12.45	26.095187550456	19.051209918209	0	11.9406501400385	29.7645689076183	8.57919483469697	14.291558684911	0.156	0.116867439895516	1.00649907112883	109.72237003593
opc12.46	0	0	0	0	0	0.504348451454013	63.6775440890322	0.118	0.141310337847586	0.99146598207296	64.1818925404862
opc12.47	15.6923825708152	48.4237626690081	0	0.0559467821981799	11.7973903829865	2.01976239509404	6.52410995603978	0.203	0.0922206670947857	0.995995284655192	84.5133547561417
opc12.48	17.4563115543139	7.61536882178559	2.33250209294081	26.4826470945447	67.8324967222426	6.27631097799316	19.7177255579087	0.074	0.182611743030037	1.02300554762408	147.713362821729
opc12.49	6.85373959336177	1.84516264050932	0	3.50816632619763	10.2683921152352	30.5217121304134	37.6395150567894	0.113	0.145677143600195	0.988482160650759	90.6366878625067
opc12.50	1.90975471059459	0	0	1.57716301468759	8.32947899745746	6.51174172015437	69.7885457044557	0.072	0.186304955825737	0.987299193203231	88.1166841473497
opc12.51	31.1414431705371	2.20680568744855	0	7.81215628709422	10.0058296403388	22.8559326856517	43.458745206242	0.075	0.181192327965573	0.98187813183538	117.480912677312
opc12.52	29.6328311928552	14.6972928873065	0.795239509738065	0.55381269334704	28.8278560170318	22.5177930969423	1.81849030040074	0.0600000000000001	0.212853360503947	0.988395112057994	98.8433156976216
opc12.53	26.5558190762516	13.8544616892481	0.684659347148414	1.5578193049172	21.6921019495499	37.4132336413918	4.59629350656021	0.08	0.176906805538386	0.989606805448746	106.354388515067
opc12.54	17.2972004036453	17.4839903702485	0	4.03025933594822	17.1818089214803	25.9788806539759	2.16439383798156	0.0610000000000001	0.207185438887074	0.979016673763707	84.1365335232797
opc12.55	0	0	0	0.0228367300220568	14.9072025231149	44.6561141996712	32.6924962020889	0.027	0.291027321532103	0.988313351748075	92.278649654897
opc12.56	0	0	0	3.2073486157157	1.05164568428871	0	69.2933530354061	0.017	0.324974170206299	0.962517723541988	73.5523473354105
opc12.57	0	0	0.344261361291132	3.53685658181555	23.1812980757481	54.7622371800011	7.17333679801582	0.099	0.155491899195095	0.987404311876519	88.9979899968718
opc12.58	9.09192699415976	3.54735439977598	0	1.27263739041034	73.1397602298926	11.8687144012076	2.5062132581512	0.032	0.272485740170919	0.98483210451751	101.426606673597
opc12.59	14.650042974781	25.4890609842739	0.438119568447585	4.35996026794797	28.7696435081615	42.1312531093985	11.561060518988	0.093	0.159235531313937	0.986959610585891	127.399140931998
opc12.60	8.09565007882278	0.961972709143215	0	4.17461545942475	4.77248405558088	1.05067237429566	75.3025901598962	0.345	0.0505046205015688	1.00070932543911	94.3579848371635
opc12.61	1.68548201207081	8.53056557284888	0.455359653271617	5.84041237597548	45.8563506444766	28.1273975981127	8.77167321172062	0.049	0.231002967602868	0.973950003042182	99.2672410684767
opc12.62	4.98979848574016	0	0	12.4136806228232	10.5149828654145	18.095374466745	29.4797165336858	0.07	0.193512986599793	1.00865997551122	75.4935529744087
opc12.63	0	3.25641535691369	0	0.957724622544117	3.0030555919897	6.45356493178073	79.5617359882902	0.743	-0.0101498793322156	1.00160641934668	93.2324964915185
opc12.64	20.1908877225449	48.7801250017386	1.06844163727661	3.51159784437365	37.6446510503074	23.394498757354	7.2493786839619	0.169	0.111270348489038	0.992222773645624	141.839580697557
opc12.65	25.9833204281782	28.4806395237673	0.327029732311827	1.15917587342353	12.2261931052337	17.221062539666	5.22304566059998	0.139	0.128907246623734	0.990765025414395	90.6204668631805
opc12.66	1.68627069414741	10.6408174244531	0	2.86026419199502	22.0570112522791	43.5275529701826	16.6960190204212	0.095	0.1580965839649	0.988267074816822	97.4679355534784
opc12.67	19.4530577459926	13.0297988412328	0.467660920312677	1.60932257933642	16.3494574357402	34.5978398373958	6.71636590191187	0.08	0.176123478897968	0.988909894774988	92.2235032619222
opc12.68	9.92989073485234	74.7088703950894	2.34197240433849	9.52048156158551	35.9974313893606	4.53643393505482	0	0.114	0.1441309270489	0.991759176941881	137.035080420281
opc12.69	6.63496687327458	9.44630557393474	12.6935071469459	0.130496941910261	51.3125897011465	2.20196460908936	11.7081947094903	0.165	0.112348847761306	0.99403319504395	94.1280255557917
opc12.70	17.5697056996711	11.7931332406075	0.0219688967235519	0.548874651411461	46.1150869564417	21.1598609479256	19.1834002142777	0.073	0.185718918691795	0.990977822904564	116.392030607059
opc12.71	68.9489878130331	18.6064662997274	0.0633818517917741	2.3137499552238	14.9706716465967	11.6052604575315	0.839888399603976	0.254	0.0747904768258724	0.995811083075137	117.348406423508
opc12.72	2.14252258964511	5.31902591269328	0	2.95855860759648	19.4999684733712	50.8169840646289	24.0020720794237	0.099	0.155449129966905	0.98895102434714	104.739131727359
opc12.73	5.0511680964582	21.3743714161738	0	9.27307990197566	24.9945420281715	1.46222252271463	49.3630827491442	0.15	0.120274601528465	0.997091119723567	111.518466714638
opc12.74	4.03943926843521	4.83373613397192	0.0608383037647229	4.79347810590618	57.7307371732355	28.7116413149033	31.2979255420821	0.139	0.128899023202189	0.990524990244564	131.467795842299
opc12.75	18.684663654858	23.4831120565054	0	9.61033454160148	14.9861444548413	37.7161397061008	18.3180526403509	0.216	0.0872159807127569	1.00247153677398	122.798447054258
opc12.76	10.1970349967414	13.311883809531	0.663749390830429	0.44183482993618	17.2218664624488	38.0768008412897	4.61597246565336	0.046	0.244135259083492	0.986224630831164	84.5291427964308
opc12.77	12.0954311692997	56.4911465945549	3.53036460172295	56.764381957834	36.9098291322968	7.88683548743926	11.5370462755704	0.046	0.240392320196141	1.12271026893591	185.215035218718
opc12.78	20.8376491834982	13.0901317521958	0.521472316672848	0.713786679109862	12.8277611749912	41.3860124534482	6.24336402334244	0.286	0.0655316748319004	0.996590312061556	95.6201775832586
opc12.79	10.6990107351466	0	0.400815058541823	0.00765671591342632	85.8478242254275	25.0064705794909	1.9214315910774	0.023	0.297220122462294	0.987302106145695	123.883208905598
opc12.80	10.0654954711002	4.38149096398428	0	0.927603628434409	32.498780094349	15.8446433680028	30.7130329082937	0.137	0.132653716366474	0.99357596584819	94.4310464341643
opc12.81	0	40.2678069394131	0	13.4994403936298	22.9970073441035	7.69347258672413	43.6875090167488	0.15	0.121027112711001	1.00551309223793	128.145236280619
opc12.82	10.5431682658091	19.4710034173611	0	5.93067763761495	10.0357715534356	0.484100855481377	66.2317100535898	0.187	0.0987386375364546	0.995120886238248	112.696431783292
opc12.83	13.9814184012953	9.65360225087567	0	40.9256612875662	27.6294194515344	7.20232696425609	0	0.033	0.267142113201994	1.2592452135577	99.3924283555276
opc12.84	5.21496516135449	3.61589721967367	1.22231812116316	1.2818627168801	40.9232677729069	44.9025613688554	9.07463039001252	0.071	0.188180090763899	0.990668417910268	106.235502750846
opc12.85	6.50837814513695	12.7160967738272	0	0.715473979644509	28.6534405078266	45.3166074171207	17.2998711896237	0.088	0.163852206158926	0.99162147234841	111.20986801318
opc12.86	17.617613053242	3.63709551936064	0	0.402132067912665	31.3828629604533	44.2501469203969	9.19299867755788	0.036	0.258830653010267	0.989909795174667	106.482849198923
opc12.87	0	0	0	1.48012695745336	18.7078700778546	1.53569785102264	74.6357469421932	0.029	0.284871237970357	0.980846217430538	96.3594418285238
opc12.88	10.1388332875206	2.96611374755281	0	4.46372088517414	8.8115224131165	15.0660552123398	44.5921587897428	0.149	0.122591310593065	0.991178328326335	86.0384043354466
opc12.89	5.16010763835092	17.0933953708282	0	7.26930132637526	20.7177626271469	1.76284679611253	53.8027751346397	0.31	0.0599035089630828	1.00540085529923	105.806188893453
opc12.90	39.0880402626323	7.18553871930713	0	14.4670991545836	21.9298802291635	1.26967998496821	33.299927837007	0.418	0.035306584329486	1.03937382898642	117.240166187662
opc12.91	5.33821692810233	108.95721516551	0.590863696854405	0.285884504968773	39.2588689279827	0.375100500854157	0.40027579647095	0.055	0.218770787189795	0.974586707755029	155.206425520743
opc12.92	5.6657891388547	0.311786265844934	0	4.07988103420086	26.9693112383007	51.789027384554	0	0.185	0.10095293058168	0.993757093036782	88.8157950617552
opc12.93	36.146837643528	61.8509419579337	1.1666777336463	1.21840774176844	19.9888128699253	1.8733679383853	2.47483274558394	0.088	0.163288824590996	0.985357827664238	124.719878630771
opc12.94	12.1905998946488	0	0	36.184589616183	47.5730696059418	10.8354311907199	26.0882526800398	0.514	0.0197503083660777	1.21625702103942	132.871942987533
opc12.95	3.19037292162604	0	0.772915954096891	4.74386152346727	50.2230095866973	2.11636908109565	6.95145023758728	0.341	0.0514366250702895	1.00633429434275	67.9979793045704
opc12.96	25.5638357595356	21.7514089737253	0.703710870631391	1.07700058060814	12.8655999952244	11.5600026365638	9.52385366607861	0.223	0.0843034938465127	0.994971134678398	83.0454124823672
control.01	2.31644906884454	4.43193821428019	0	1.23498460086674	16.2752511219721	26.837945234872	53.4855308954732	0.151	0.119443096049684	0.993613358280956	104.582099136309
control.02	33.1398307027969	11.5301689414516	0	5.03219855593285	16.0521249733422	12.9250977837346	50.2756736063405	0.161	0.113880297641342	0.991986962286981	128.955094563599
control.03	0	7.83386852023413	0.706174385523055	2.03397997576553	28.2486675519588	46.4728907133665	22.3479026568514	0.2	0.0938530634175288	0.994607488317889	107.643483803699
control.04	1.17803889403528	53.012004786537	0	14.3609553988454	7.26958707832388	26.8154956639559	41.1848535013153	0.114	0.143962374000514	0.997313353632526	143.820935323013
control.05	20.1680913259173	1.94204037885227	0	5.03601686670097	25.1156407234983	29.9487169795187	27.7502675689024	0.095	0.157570574953924	0.986558987422715	109.96077384339
control.06	8.95511377314446	0.281281508815839	0.86610949642774	5.62317501675112	17.1149336088138	65.972808691459	4.00592042884492	0.087	0.16608263737869	0.984787863835131	102.819342524257
control.07	12.4931058361881	14.8325738539579	2.11702691155194	4.43602191463534	37.4206999263049	33.2094719607009	21.8681878794829	0.074	0.183179693313043	0.984808023714383	126.377088282822
control.08	2.98620919110387	8.26232012459484	0	3.58546517546535	5.19997712544496	18.3536361358356	58.970344195622	0.076	0.178809394405692	0.984558845362243	97.3579519480666
control.09	20.5218473877219	0	0.387986336742787	2.56717238363507	18.5367694952744	50.1906886583904	19.9005380952759	0.086	0.168497157420771	0.989378840736124	112.10500235704
control.10	16.2227915832903	9.4177730717559	0	1.27440422774496	4.42106906188704	39.5948176649695	34.6136160311324	0.15	0.121466962805158	0.993500598720246	105.54447164078
control.11	1.59704939737755	0	0	3.24775575112493	49.9602660910401	21.6354157334053	25.9471996055407	0.149	0.123141597172971	0.991490821729327	102.387686578489
control.12	11.2123065308708	0	0	7.76210253320952	37.4807312164528	13.9684931864659	27.8132776736447	0.0610000000000001	0.205909668780252	0.97697890130922	98.2369111406437
control.13	1.19099108973908	11.025393361819	0	3.45978090465177	21.7616770209646	26.7072447414609	33.5743911600333	0.074	0.183193135443267	0.984579954033519	97.7194782786686
control.14	15.6280317944904	0	2.99520012169087	3.3798543702263	66.1019137448765	7.09374209644477	12.6533692411291	0.138	0.130039948664168	0.990906641901974	107.852111368858
control.15	10.8299012506708	10.8151715607042	0.772211040745693	3.82677529850672	10.9034095283043	34.576502288987	20.3379249985469	0.081	0.175722768265748	0.984548082195551	92.0618959664658
control.16	12.7859847532632	0	0.638720535895874	0.615303595728744	35.9214552298281	22.843921349788	22.1142749020405	0.112	0.148015106550307	0.994045131029974	94.9196603665444
control.17	39.7815904239242	11.8585169255152	0	2.1259682781768	27.9293117956743	5.76204184531726	33.143406242172	0.386	0.0419187856072968	0.998007861206411	120.60083551078
control.18	0	12.1765347680145	0	1.04182536817817	14.4530777549154	32.2409836147134	50.3008663404028	0.206	0.091670507334643	0.995009041044373	110.213287846224
control.19	0	0	0	4.49541407427889	35.8832587333353	13.7706744094612	37.2213873410436	0.086	0.170052319712565	0.984485824729023	91.370734558119
control.20	0	11.6549885789052	0	15.0556875779212	29.8769881276139	14.9790625322115	68.4988308769745	0.079	0.17774781570844	0.988610104701093	140.065557693626
control.21	0	19.0271277749329	0.514467461895214	8.25376117337539	95.3038127221138	4.60252291386209	31.1914657944092	0.046	0.240810562291846	0.973418320589416	158.893157840589
control.22	8.86824852359889	0	0	4.86817528008313	54.5773413529749	10.921320423576	45.6021135845198	0.115	0.143204216224405	0.988773603497594	124.837199164753
control.23	28.3177672248387	6.80775223604757	0	4.2420539116124	15.6823418524401	33.3801507959051	25.356248056469	0.28	0.0682908330018837	0.9968817752678	113.786314077313
control.24	0.419591977887901	29.4520876073088	1.7237569397206	6.72587496625264	33.8559587749456	15.3868672982051	7.76834897143266	0.309	0.0600415598236266	1.00700192662263	95.3324865357533
control.25	7.16910529307164	0.470168093404659	1.99868641126503	3.45177464514269	72.3171089089601	34.8624774116962	11.3442710349966	0.131	0.135620704707678	0.991112739358186	131.613591798537
control.26	0	12.8909764926914	0	0.604454123368739	18.5702261431901	8.28108108071712	113.947640024803	0.033	0.267562917627715	0.984463849265934	154.29437786477
control.27	19.5189249207943	1.37700193986072	0	0.948981573377953	4.26666193136244	16.6198644219843	31.476152986319	0.05	0.226451032907393	0.988175294132975	74.2075877736988
control.28	7.4310753637889	16.3127091648542	0	1.78474078069197	18.4909573386984	14.6297368631485	39.1912299353358	0.121	0.140703700770234	0.990620250059275	97.8404494465177
control.29	21.5369985792742	17.2771230780895	0.433379175037397	3.92017072904869	11.5543923986129	17.2905335092846	32.0991783436162	0.239	0.0784202880069344	0.996021416282616	104.111775812963
control.30	0.510069112034751	0	0	3.09600068146389	49.9706514040682	37.5558553892746	18.8664406369456	0.028	0.286583263781086	0.978277969929181	109.999017223787
control.31	0	0	0	4.45350137629616	20.1975365352148	43.12706970972	51.5899594403168	0.15	0.120767332926239	0.991316226791362	119.368067061548
control.32	24.2649991931159	1.97090700753771	0.69953675030916	3.34409960410526	5.88113327828654	35.2187512269479	6.90098126243306	0.48	0.0253898655057476	1.00243839247951	78.2804083227355
control.33	0	11.6137315489648	0	11.0481508285978	11.4181452801528	0.315439654210023	87.604817457315	0.183	0.102347785168519	1.00389417321803	122.00028476924
control.34	4.08631321077296	1.94537255872688	0.310887273157902	0.0225399571494007	74.055698855371	43.3078633027276	2.42262210407434	0.049	0.230527722852084	0.990228431947668	126.15129726198
control.35	12.2530675003252	4.82635987552843	3.99544969996881	7.07098666535195	8.01275411375613	62.4099050338882	13.9888943296347	0.138	0.130588963197568	0.990617890416215	112.557417218453
control.36	9.12195464180545	8.96585357073285	1.49208044838542	5.48788247979338	18.0476429440889	25.1505756616441	37.3897174056326	0.074	0.184084294076676	0.982141354283191	105.655707152083
control.37	1.2422577484696	22.582773212724	0.0429298804701639	10.1812523508013	11.7631273079139	25.0997505362692	41.2924880376333	0.088	0.164293028301509	0.988250772676592	112.204579074281
control.38	11.8930834682372	24.5668442205619	0.283879011136045	1.94071643178983	20.5874848132127	18.9801194417855	14.9309949143866	0.219	0.0856033843170012	0.994850568544154	93.1831223011097
control.39	2.74170007616652	9.20087860304004	0	2.36324642604349	11.4503245740099	21.8808454804024	48.070007940708	0.184	0.101537962772981	0.993528836578893	95.7070031003703
control.40	0	0	0	4.03774663611034	6.29188131160539	22.3508995845216	77.6304983798536	0.089	0.162704898860101	0.98645076680404	110.311025912091
sample.01	55.8246061765098	0	0.81460564848499	49.516599028392	49.4197871618823	3.0222841541627	0	0.047	0.237832583755039	1.12995956392532	158.597882169432
sample.02	9.16339295479396	28.0524620859346	0.357562665108292	1.04966443879925	16.6421798302961	27.4856717875453	18.1540313240526	0.047	0.238795340834966	0.981629475016628	100.90496508653
sample.03	13.0707945048367	0.217973671299961	0.329710065220394	5.27842987968683	35.1331719795547	38.8646956141882	18.5529330815523	0.0620000000000001	0.204148004118647	0.980397822279071	111.447708796339
sample.04	0	0.876443769058393	0	12.4955415262821	6.2484256232968	6.41103491642199	94.4763273720405	0.022	0.299039792184469	0.952674463481035	120.5077732071
sample.05	14.7059061660325	0	0.453567941128738	2.89057698840828	39.8946340612794	31.9921738673695	3.11457023839775	0.07	0.192735180770993	0.985548381916991	93.0514292626162
sample.06	22.1059893399402	22.955378997688	0	25.8852049887286	19.8341681860773	7.37624684036024	24.7912800727055	0.027	0.288787867141316	0.992212852078457	122.9482684255
sample.07	22.6373750756346	49.5192661700861	0	1.69376014505369	18.3421338282874	2.16671131495291	5.43535361779711	0.017	0.327545095859984	0.961415305371968	99.7946001518119
sample.08	9.25344560706423	26.0839221598263	2.80870560596915	3.54432688833302	19.8468772008443	10.4674597378429	28.5510565188701	0.025	0.293648963837247	0.969716333479486	100.55579371875
sample.09	17.0552071586938	0	19.1711951662048	5.92056584371084	44.5813405494187	7.33165193242228	45.2406680055597	0.139	0.129542429884552	0.990074389602067	139.30062865601
sample.10	9.54214672275989	0	0.338383299202044	3.51447898562542	32.145452548946	38.3012892252213	20.6786444339442	0.073	0.184554315741053	0.985546287912338	104.520395215699
sample.11	9.8949177418698	0	1.51762539971784	2.33583602664525	55.451395864754	19.0873023651687	5.50674294130515	0.087	0.167010782259558	0.988959857872004	93.7938203394608
sample.12	13.8991226676973	3.52178122763297	0.885138184333897	1.49484149911137	19.9125384551623	46.0925916900536	8.26814986045466	0.071	0.191441592734226	0.989591086857529	94.0741635844461
sample.13	21.3200343548572	0	0	2.8239003920907	10.5614161454066	26.6994905073177	49.5123727766145	0.179	0.103900252735874	0.993524585382526	110.917214176287
sample.14	14.1819422745325	13.208473222026	0	10.0479766560412	16.1735102334146	6.38855328670524	46.8906466410026	0.019	0.309913009864443	0.950693473446438	106.891102313722
sample.15	42.80257555682	0	0	16.0084850044996	10.7146803082974	12.8141377935117	43.4301594793029	0.013	0.368715126955521	0.928384386399262	125.770038142432
sample.16	7.8338861335872	63.3883848904495	0	1.19156705373476	29.6496826311365	1.96066310579501	5.39387326005371	0.03	0.27951757088482	0.965938723633503	109.418057074757
sample.17	12.0389296266733	6.53825324294475	0	2.80668799020391	10.8636761167576	10.9160553979049	61.0559504989619	0.218	0.0865033718403746	0.994794254728254	104.219552873446
sample.18	21.7293507319528	17.4763726635943	0	9.29839279183557	19.1849992877972	1.19038757444753	79.1897944494165	0.07	0.193058523489334	0.979689185194892	148.069297499044
sample.19	19.2307311531683	0.0562020950612925	0	17.5048668098563	1.15838803735256	0.0225598601057004	135.920920605798	0.035	0.26508174908809	0.962601042688938	173.893668561342
sample.20	6.13282697174485	17.8184461736558	0	10.5686719016627	47.5262901512718	18.509030247655	20.5309199570203	0.044	0.24994952979952	0.966680371242597	121.08618540301
sample.21	27.2417409551923	10.1327661139811	5.05770250242791	12.5582160576896	25.1281257881403	11.3375301769612	11.6935154311067	0.023	0.296859768771996	0.953521283038974	103.149597025499
sample.22	10.5622799541031	4.25086193977899	2.55548621449979	6.00905430664503	71.0772135673819	13.4041870171587	32.7974721884176	0.136	0.13294071300794	0.989725956679019	140.656555187985
sample.23	5.96970510131805	6.03558257653081	1.00438704527646	1.29075585695605	62.3612547186862	0.418510245803957	29.304152330291	0.027	0.290965344495446	0.983600836780439	106.384347874862
sample.24	39.9981280701809	0	0.708738194512063	1.07689768304571	16.4993443143162	37.8898094076484	12.2378121528429	0.212	0.0879472241473684	0.995980334886733	108.410729822546
sample.25	2.21917981954127	2.42573449821851	0	18.8630277499202	53.9749974193066	3.09721167779229	33.3247032226642	0.013	0.369780762960069	0.929888842296871	113.904854387443
sample.26	9.38756233616998	8.43291142121316	0	3.18705037169137	27.8565344362317	24.6610178756221	19.363766902875	0.088	0.163812036694906	0.987084466971364	92.8888433438033
sample.27	22.1339849939726	5.77140748271562	0	3.13152945772448	13.3379685865008	9.66035860415074	28.120531520668	0.093	0.159640571809067	0.986972330032342	82.1557806457322
sample.28	13.9436836999127	4.74355247636463	0	0.740346572712932	14.1464657635491	16.1364089880692	37.7837550115424	0.0639999999999999	0.201796189487979	0.9902879349881	87.494212512151
sample.29	13.7379391380918	0	0	0.215800834663755	18.0789189192187	41.4636346226096	42.994776450723	0.113	0.144644650786536	0.994271468160151	116.491069965307
sample.30	26.1942339285078	1.11513892741566	0	0.0210793494128379	6.01612439077086	16.5968494070359	48.6467111193423	0.056	0.217790235597159	0.990851674237477	98.5901371224854
sample.31	14.9609941254849	0	0	3.07016199661529	33.9091661096151	25.6758899701239	27.6905726194074	0.148	0.124393189486896	0.991683271070123	105.306784821247
sample.32	8.16661809839976	13.913144892936	0	16.3362208481922	18.2104247386228	28.2870810424226	78.3323947784262	0.046	0.240639682490993	0.969338277161603	163.245884399
sample.33	17.6931432353866	7.42539068069402	0	3.41299630132882	20.183028117278	39.0091742378527	20.4851347295263	0.207	0.0915380064297279	0.994367632739282	108.208867302066
sample.34	1.31656359792736	15.6251595259	0	1.60559364428392	13.1259017803129	27.7423499833644	45.1365461587625	0.242	0.0777331983196352	0.995552964126799	104.552114690551
sample.35	10.970489260658	13.1808667297596	0.812294508889115	12.1654661793124	32.8720682541974	24.2320803860894	11.3478549568837	0.013	0.383576436446791	0.925119186513766	105.58112027579
sample.36	36.7292176407513	0	0.0637994704697579	3.21089574841487	50.9421541962518	2.46728443863273	47.2133897212488	0.0600000000000001	0.21023032142555	0.986124531871999	140.626741215769
sample.37	0	11.7891657022122	0	28.6639382924383	18.8933014357732	13.860217301361	42.6237372654533	0.035	0.261520505139959	1.03986911963801	115.830359997238
sample.38	8.07466351230754	17.2601001110812	0.576532808596499	0.793366703463644	29.7104355054786	3.7206519846998	3.99994186708184	0.024	0.295615099626111	0.975566204130682	64.1356924927092
sample.39	18.8862671649173	0	0.0274257708490542	0.190260333997367	88.2586468380328	1.02016920157068	4.80358363272889	0.071	0.189838056259768	0.991124694585869	113.186352942096
sample.40	24.8553768525224	20.2861023736694	7.75246428170392	18.0666029291802	21.9639964063953	0.777771583789979	27.7563104929581	0.023	0.298015769981257	0.957710687787224	121.458624920219
sample.41	0	0.879410513366649	0	1.84847858409374	14.1775709079555	35.5542133666362	52.3953792718504	0.086	0.168904779476972	0.989825392315252	104.855052643902
sample.42	18.4611349160805	31.3105930114286	0	1.4242872624737	24.3293056403332	26.0494804493727	7.5835605271454	0.128	0.137019318101408	0.990203893844308	109.158361806834
sample.43	0	6.83967461191765	0	9.72708490416459	49.715114438983	2.38623713857617	76.8878391848672	0.0610000000000001	0.20787121921904	0.976810099867767	145.555950278509
sample.44	4.46238054256608	0	0	0.341013566739927	9.92865972731699	10.4723345395577	69.8589651109724	0.037	0.255197199839058	0.98662968730525	95.063353487153
sample.45	6.64011703251068	13.1819728926327	0	0.775124079668455	23.336698397803	28.5316609992757	29.2885882797026	0.088	0.164838708619551	0.991134146704569	101.754161681593
sample.46	3.33216578217377	13.5632350547687	0.222936784391988	0.0120948248732997	13.5341115716572	40.7257105289368	53.554316264701	0.036	0.257652710818414	0.987290454214646	124.944570811503
sample.47	2.920482448303	15.580538415738	0	1.83475176493974	24.0069419713693	35.1797338500752	18.2907150928108	0.15	0.121415861736783	0.992244256796317	97.8131635432361
sample.48	12.3517601514774	17.2424705464328	1.25598035346444	26.849396515826	7.12093346088138	2.60570582310691	47.1076619619004	0.055	0.220854686048165	1.05205289360175	114.533908813089
sample.49	5.98096159252003	3.65785318590857	0.420970539658903	0	45.4400220097409	17.5495031005799	4.88603463221699	0.028	0.285340215187448	0.987473513334113	77.9353450606253
sample.50	3.31354653544737	20.1645057793486	15.5663744349213	9.46112606728403	36.9913987654156	2.49298659510034	0.710030708451287	0.071	0.189710380640964	0.98503479929813	88.6999688859685
sample.51	9.75888709391408	0	0	45.3978459483811	8.69149301471378	0	84.7235127450966	0.003	0.587510763650234	0.837514839520559	148.571738802106
sample.52	17.4345707596262	24.7063367473774	0.698559227133543	1.78327634870081	55.7878258903742	1.99213097368527	4.08036335275699	0.07	0.194871133243679	0.985037232822856	106.483063299654
sample.53	0	0	0.987240329153207	25.7265409384219	45.9258924779583	0.843886034533035	77.8868013692925	0.00900000000000001	0.430744852900124	0.901051938354157	151.370361149359
sample.54	5.11598748670226	0	0	0.195703940656676	10.2899846116487	34.0380535876147	45.3979396582619	0.0600000000000001	0.211875350920874	0.991036390478541	95.0376692848843
sample.55	29.1388985462159	15.8919651785935	0	1.18519420336448	12.680103476594	3.02544944537156	27.5368674920623	0.396	0.0402238386575512	0.998201011264859	89.4584783422018
sample.56	15.6410336186358	0	0	4.01917598068103	26.8061028879424	2.42809029457322	82.1094039730824	0.086	0.170216367833462	0.986720663660324	131.003806754915
