Mixture	Astrocyte	Microglia	MO	Neuron	OPC	PeriEndo	P-value	Correlation	RMSE	Absolute score (sig.score)
opcBulk_12dpi_CKO_21724_tdTpositive	32.651610822904	0	5.51008965426365	6.81289411508196	37.9637346780959	0	0.022	0.30640798457589	0.960263200654969	82.9383292703455
opcBulk_12dpi_CKO_21725_tdTpositive	32.9627199213246	0	2.8453024198986	8.92381398275385	24.6188429937055	0	0.073	0.190945440887924	0.983689475847204	69.3506793176825
opcBulk_12dpi_CKO_22017_tdTpositive	23.9436204572847	0	4.00115778151966	16.8550645338279	38.0679899676471	0	0.034	0.283848482098044	0.970484177639541	82.8678327402793
opcBulk_12dpi_CKO_22208_tdTpositive	21.8162254343726	0	3.50962423756671	12.1021512359253	38.0154748708634	0	0.043	0.2465689029979	0.97567803931625	75.443475778728
opcBulk_12dpi_CKO_22210_tdTpositive	28.4402139506331	0	3.77637348438255	9.25954942352597	34.0711331282467	0.18078377428265	0.038	0.261151598630526	0.972848991025398	75.7280537610709
opcBulk_12dpi_CKO_22363_tdTpositive	25.1124248203013	0	3.50718266653598	16.007144973311	28.0725753510947	0.709332021350236	0.034	0.285338514190302	0.970663789946183	73.4086598325933
opcBulk_12dpi_CKO_22364_tdTpositive	25.732657258898	0	3.76246403514565	11.6247823623631	35.2033836717719	0	0.021	0.324567106736424	0.964808463495369	76.3232873281786
opcBulk_12dpi_WT_22056_tdTpositive	29.0836075595972	0	10.0327150290242	4.91089428262798	41.9545494794332	0	0.004	0.450157781334092	0.905448377631529	85.9817663506825
opcBulk_12dpi_WT_22178_tdTpositive	23.7030574971193	0	7.47700991045927	10.2414435902891	43.3395046411028	0	0.00600000000000001	0.430887809802314	0.924814678373917	84.7610156389704
opcBulk_12dpi_WT_22180_tdTpositive	30.9261246409397	0	3.71488820937424	8.63285059039909	33.5239481828835	1.47205161123963	0.041	0.255900132687853	0.974366461606471	78.2698632348361
opcBulk_12dpi_WT_22280_tdTpositive	24.3761276388431	0	3.59780057399989	12.986196521599	36.3048644873342	0	0.035	0.277090149250003	0.971993008505136	77.2649892217761
opcBulk_12dpi_WT_22281_tdTpositive	32.0715951674576	0	5.06634447277052	14.0869621497795	31.3961375413628	1.14406293503777	0.034	0.285595531409983	0.965902950374912	83.7651022664082
opcBulk_150dpi_Tumor_16713_tdTpositive	6.16017971098685	0	3.97260690760304	0	100.208084614072	1.0632876905067	0.054	0.219656710481384	0.980995978163553	111.404158923169
opcBulk_150dpi_Tumor_16839_tdTpositive	20.5526711830571	0	0	0.531462174536155	56.0091891597377	1.20063707761647	0.00800000000000001	0.39428237067677	0.986517442398262	78.2939595949474
opcBulk_150dpi_Tumor_16840_tdTpositive	14.4566686425728	0	0.849767509707619	0	52.0029310526761	1.45082862767123	0.004	0.457083779959808	0.977245309948951	68.7601958326278
opcBulk_150dpi_Tumor_16844_tdTpositive	24.8441466001613	0	1.03608464138281	0	73.1399784063234	0	0.00800000000000001	0.406301746297471	0.981114673261956	99.0202096478675
opcBulk_150dpi_Tumor_21256_tdTpositive	24.1188900285908	0	0.562704496990616	4.85400927378607	83.21203716134	0.790062413037987	0.00900000000000001	0.388642544694414	0.985038563604987	113.537703373745
opcBulk_150dpi_Tumor_21349_tdTpositive	6.41312582011009	0	0.253023597522671	0.226680707953641	42.837599078507	3.32251884212114	0.00600000000000001	0.433816167942327	0.982464460590232	53.0529480462145
opcBulk_150dpi_Tumor_21354_tdTpositive	28.3835662303347	0	2.14095951693794	0	48.7636850027981	5.09699892296928	0.034	0.286541695299244	0.980316715756446	84.3852096730401
opcBulk_150dpi_WT_21590_tdTpositive	25.5637447883064	0	2.85616356020192	6.3606840242586	38.4269334295348	0.812643678998806	0.049	0.22755193303979	0.980271829620835	74.0201694813005
opcBulk_150dpi_WT_21591_tdTpositive	29.1180913981851	0	2.46626400367732	3.15743962224812	45.1327261526121	0	0.159	0.124191596485517	0.991437101927807	79.8745211767227
opcBulk_150dpi_WT_21592_tdTpositive	13.1676442563997	0	1.25020107152983	15.8049395819231	45.5208094372363	0	0.085	0.177147759513979	0.990452500928939	75.7435943470889
opcBulk_150dpi_WT_21593_tdTpositive	24.243983498156	0	4.36306363145859	2.38808297711013	45.1293962098607	0	0.022	0.307043654319288	0.963324305488563	76.1245263165855
opcBulk_150dpi_WT_22062_tdTpositive	24.1598061025177	0	2.32813133701136	10.8471935853533	28.1685275451457	3.92672803499239	0.076	0.185978694303908	0.985850290121651	69.4303866050205
opcBulk_150dpi_WT_22064_tdTpositive	28.6679679850076	0	3.97801946451728	4.88301555532559	33.2305761378	1.66975557891161	0.037	0.265291664151291	0.970626772263966	72.4293347215621
opcBulk_90dpi_CKO_20642_tdTpositive	24.8885607930226	0	4.74201035861633	5.08219496615945	47.0893214731574	0	0.034	0.286583923830502	0.966243437771555	81.8020875909558
opcBulk_90dpi_CKO_20647_tdTpositive	29.9807270178644	0	4.36202474997744	0.84158031089754	39.6091424321755	0	0.035	0.277839671802433	0.967532979170956	74.7934745109148
opcBulk_90dpi_CKO_22146_tdTpositive	24.5712693632603	0	3.11972775713189	9.36590103636746	38.4789497619648	0	0.0649999999999999	0.201343997904664	0.982327504461357	75.5358479187245
opcBulk_90dpi_CKO_22149_tdTpositive	26.7100194082253	0	3.98348806216989	3.67158107096456	49.4002584850557	0	0.042	0.251722912245844	0.974537625496234	83.7653470264155
opcBulk_90dpi_CKO_22152_tdTpositive	23.0600922425471	0	1.80384415503781	12.5619664983517	32.0486658071473	0	0.048	0.23080921603277	0.984458298214246	69.4745687030839
opcBulk_90dpi_CKO_22154_tdTpositive	28.4398368667929	0	2.88806852039762	3.55183091725525	42.7009128251217	0	0.05	0.227142921854805	0.980654910029736	77.5806491295674
opcBulk_90dpi_CKO_22212_tdTpositive	25.9590860810009	0	1.80051100912274	8.35027268690194	40.7808510127243	0	0.052	0.225297848294259	0.985612405221534	76.8907207897498
opcBulk_90dpi_WT_22184_tdTpositive	23.9554192453378	0	3.25201070242674	7.90262437636524	32.9549217393557	3.1785375365702	0.042	0.250560319271424	0.975577761030496	71.2435136000556
opcBulk_90dpi_WT_22185_tdTpositive	24.8333059490535	0	3.79685848961762	5.89424886076558	38.1092428907874	0	0.038	0.260957969031184	0.971953385122227	72.6336561902241
opcBulk_90dpi_WT_22254_tdTpositive	24.0073369162783	0	2.73171937450552	7.60285572909583	34.5725806983612	0.674504485953214	0.052	0.226040726713024	0.980267556764393	69.5889972041941
opcBulk_90dpi_WT_22255_tdTpositive	27.8980365948218	0	3.04279729176093	3.5621532616737	38.59941057322	0	0.049	0.2274871127431	0.979330788616104	73.1023977214764
opc12.01	5.26711826361884	0	2.64921148547646	21.3830123730335	18.6188318342832	34.0586270069166	0.052	0.225136082264236	0.982925536163734	81.9768009633286
opc12.02	0.271961331928075	0.388884581252717	5.1374869644629	48.908572266307	2.89799684612377	15.3083825740757	0.043	0.249634045522355	0.969366845457802	72.9132845641502
opc12.03	6.56829340646899	0.861546172655194	3.82182557217935	51.6726819268608	3.90347747278883	38.2422125658089	0.039	0.260195054849568	0.978208980026299	105.070037116762
opc12.04	2.07136296719394	0.527969271502704	2.86347939901065	35.194210830346	6.17340318601281	23.1695804832983	0.153	0.127219820488177	0.990463726103931	70.0000061373644
opc12.05	9.2409673712695	0	6.13662798913116	25.0214447152287	48.7911904270597	9.02361487848132	0.126	0.142072251753794	0.988167384624258	98.2138453811704
opc12.06	6.86931671045582	0	1.72897930550276	37.1200598667896	16.1943415341285	36.5801599262463	0.108	0.154074818629502	0.991896981783065	98.492857343123
opc12.07	0.120560514312297	0.108905936399876	4.67705950984599	49.4540897875889	8.20956554277748	11.6973786026052	0.053	0.22343162274959	0.975113541653016	74.2675598935297
opc12.08	2.63434798516461	0.105093665395338	0.446480884609821	45.3387104445964	4.01452138774393	13.676141064683	0.021	0.319763288433956	0.985971596896503	66.2152954321931
opc12.09	3.27716422038208	1.76590518318833	22.7035325261022	15.5740422438342	2.14086489931466	49.1224114818369	0.0639999999999999	0.201994349019542	1.0497407778172	94.5839205546583
opc12.10	1.7387069780172	1.23023305840974	3.7604524111896	22.1161643852655	11.1190605244083	44.5955233229009	0.153	0.127484621521909	0.990272083871963	84.5601406801912
opc12.11	0.905082479982862	0.049396575237687	0.490989209811937	13.2127090217557	1.64885489254035	58.9149099722599	0.105	0.157587117194415	0.99298400683397	75.2219421515885
opc12.12	0	0	5.8974562079855	15.3825726298732	15.697126051444	37.7862942707034	0.127	0.141244207155202	0.989593192401613	74.7634491600061
opc12.13	0	0	5.53116402797961	45.1902886610196	20.6884044958845	10.9883345820076	0.0590000000000001	0.213316602313625	0.976208312703226	82.3981917668913
opc12.14	1.20695670611638	0.123631814851299	0.847798798196768	53.8530511660251	0.241886761740745	17.2725996120101	0.071	0.194147563870849	0.990074059604061	73.5459248589404
opc12.15	0	0	2.71773154727538	0.67360635111798	84.9474957866494	0	0.84	-0.0214973094388768	1.00450259414304	88.3388336850428
opc12.16	0.526060694510075	0	4.30049481747664	48.393600107346	40.3261650687957	0	0.124	0.143324615935698	0.988206446368081	93.5463206881285
opc12.17	12.2516373500013	0.172065916860548	0.725376889538219	4.87998955006099	0.232722452279373	63.939259971722	0.175	0.110698967426533	0.994799488768217	82.2010521304625
opc12.18	0	0.178866028754426	0.0506891266800473	32.6519199833732	3.53199079839871	54.6164027962962	0.123	0.146221684304363	0.994250278263515	91.0298687335025
opc12.19	10.3799780711005	0.186746443079836	4.31800500397329	29.6205421654108	0.311137556111849	30.3440997757798	0.097	0.165683805686121	0.984728018697717	75.1605090154562
opc12.20	0	0.0852083847434475	63.1277283889979	0.127750271928191	0.00940509261845125	92.3832653472947	0.00600000000000001	0.441240853796961	1.05007999217565	155.733357485583
opc12.21	8.57287267706227	0.284664099442993	2.37139703059932	33.7760291366192	7.33998113928324	22.4415745558837	0.17	0.115085277443356	0.992286347325559	74.7865186388907
opc12.22	5.35945842843233	0	15.320448806052	23.1719594604629	15.8131415706309	34.0346528712664	0.016	0.353488449391559	0.934620274015714	93.6996611368446
opc12.23	0	0	0	0	68.5639628742187	0	0.148	0.130277145795213	0.993847738555518	68.5639628742187
opc12.24	0	0	14.307198586495	74.9951974258787	5.35715250248127	0.0192531533391147	0.216	0.094976101320898	1.03089962383853	94.6788016681941
opc12.25	5.11736209538049	0.298446266214291	1.44680608744073	2.67571737337874	12.0321791324446	62.3494167150137	0.23	0.0907514065184309	0.995030633630254	83.9199276698726
opc12.26	2.55266940622659	0	0.237918110106467	32.8196331021835	0	28.5778815197887	0.024	0.294813473456629	0.988744293911049	64.1881021383053
opc12.27	5.82133420645686	0.416071927317694	4.37714524415748	38.3022416269936	0.797260314988687	17.0922668190149	0.042	0.25127895264418	0.970204402067018	66.8063201389293
opc12.28	2.73610068666828	0.679758108767463	18.5097635783737	3.33564297048815	3.8902013538142	39.2610124783705	0.242	0.0862894367112242	1.14766668049028	68.4124791764823
opc12.29	0	0.361949010778621	0.314461076393137	38.6431343716489	3.01979941118277	28.7663793532257	0.037	0.264299387283625	0.989618117804974	71.1057232232292
opc12.30	1.95816058602935	0	7.66632833980845	0.473136308118198	61.907358920795	9.20301368371672	0.23	0.0907956500253046	1.00479211741594	81.2079978384677
opc12.31	7.86566864965383	0	8.15747995542313	7.26574695790985	0.94343695606085	84.7809349755848	0.318	0.059798585336003	1.00426503596373	109.013267494632
opc12.32	25.5061515489517	0.25686436913973	9.48024064205418	1.41652358985841	1.58841452877727	69.2875369973201	0.288	0.0691113752818779	1.00656760946344	107.535731676101
opc12.33	14.0687145910442	0	1.17315390027055	61.385338273022	8.28350957444964	21.6618914816176	0.125	0.142496727705647	0.993371833768175	106.572607820404
opc12.34	0.356966551387333	0	1.00407394175031	9.79349737465593	53.4981371976017	2.15464439686046	0.565	0.014893335264645	0.999097032048625	66.8073194622557
opc12.35	2.78310581111086	0.28184407392883	2.13465756935078	39.5458894369681	3.49331000588206	35.4565248703909	0.28	0.0715556742138123	0.995874208936415	83.6953317676315
opc12.36	0.486560458007363	0	35.1333095815561	0.909373010879531	0.984662437541075	57.7937296082389	0.004	0.462833714831628	0.986755657690058	95.307635096223
opc12.37	0	0.0126407342370444	0.339693684811551	7.56523482823602	0	89.6683047648635	0.214	0.0962344033758556	0.995362205565179	97.5858740121481
opc12.38	1.77050289845992	0	0.939252765542917	30.8413861713413	0	46.7443209484829	0.164	0.120985397606805	0.994204612664712	80.295462783827
opc12.39	21.8171387626532	0	0.0861561021092651	0.714342973124903	1.82192333933429	49.6568770673722	0.274	0.0740557207796625	0.996765500289003	74.0964382445939
opc12.40	10.4073952293619	0.424376459136503	1.41770529385948	40.6983661932874	0	14.2967034186224	0.13	0.139543650950525	0.991765596123771	67.2445465942676
opc12.41	15.0173049291543	0.0689915454040165	1.07614751916235	19.3397068736275	7.22326162987382	25.4235898960772	0.312	0.0615223994510519	0.996751854242255	68.1490023932992
opc12.42	0.724954269263116	0	48.7935105267693	0.626697490038423	10.5168942427843	1.23227842136189	0.035	0.276978491593709	1.9079707745166	61.8943349502171
opc12.43	0	0	39.3783988495569	20.9554716760492	8.26818088928399	17.5752670914745	0.123	0.145256338069331	1.38403846135707	86.1773185063646
opc12.44	5.78429335493941	0	4.66860209045425	16.5792067874883	0.803315399860015	70.5364728366968	0.228	0.0913117251226773	0.994573977804028	98.3718904694389
opc12.45	0	0	15.3130721852417	14.9284009486546	2.72137678958441	49.2977453473421	0.114	0.15206167214407	1.03149277073872	82.2605952708228
opc12.46	10.3503235927123	1.84662930424275	0.838596235505271	5.30539516912872	25.8661557937363	4.39664090515479	0.783	-0.0139153596443813	1.00049230877901	48.6037410004801
opc12.47	0	0	0.0502415433602778	0.647402398684938	0.0896460227401387	39.914226357964	0.035	0.272298784636983	0.986956754286028	40.7015163227493
opc12.48	5.1170746192524	2.48274246844439	35.0302596227284	4.87979627514053	7.26796038725735	60.4072734297389	0.073	0.190448116316004	1.12415252369287	115.185106802562
opc12.49	3.76019002141919	0	3.7866102763036	22.6375202125972	29.8059480649937	14.4558654063307	0.075	0.187616257812924	0.982240602121827	74.4461339816443
opc12.50	0	0	2.92912767994043	3.36634400235494	67.9956250917711	0	0.134	0.137523161908655	0.989126581384132	74.2910967740664
opc12.51	5.53279508694401	0	10.3199158852645	22.6479951191824	46.2482842129328	6.40323319665353	0.042	0.253668845271076	0.965707974117407	91.1522235009773
opc12.52	9.35143070259116	0.0030679357664948	1.06625673309603	30.4668932701351	0	39.3024393562366	0.069	0.196127767252646	0.990857569636245	80.1900879978254
opc12.53	13.4212897686235	0.00442695807472572	1.96083344503949	34.0884648548774	0.673042676259827	41.3533278990113	0.103	0.159457574230531	0.990778008975927	91.5013856018862
opc12.54	7.0050570518841	0.540200348711548	5.48672847297951	22.3828610026773	1.75006314984662	27.9065178144525	0.047	0.233354769047542	0.970907849462898	65.0714278405516
opc12.55	0	0	0.755484999929843	44.3326778398527	24.1361994288705	5.42250123410411	0.025	0.294382770614121	0.98642375627335	74.6468635027571
opc12.56	0.144806936328794	0	5.69688039491588	0.315455577237507	54.5241405355228	0.228291890783905	0.043	0.249760387567632	0.966436390900292	60.9095753347889
opc12.57	0	0	3.31626198485189	62.0262346697111	7.61736656647287	0.841446643074274	0.076	0.186997724507332	0.982983685560164	73.8013098641101
opc12.58	0.336966144937144	0	2.57122851815996	23.705938036841	0.324263517955029	56.5898074173284	0.138	0.13498367368285	0.99069360337267	83.5282036352215
opc12.59	8.43235803981866	0.289452561148137	5.11372285617965	37.6143096800535	3.70342650384342	48.2168712986071	0.085	0.17712330732162	0.983956953069944	103.37014093965
opc12.60	0	0	11.1634250534187	0.311234959761623	63.0040573847248	0	0.273	0.0745913857072561	1.03912833033351	74.4787173979051
opc12.61	0	0	4.67783608813746	29.1090498257707	11.0398878057983	28.9901080253885	0.022	0.308375778255681	0.961390700842139	73.8168817450949
opc12.62	5.26611127521183	0	26.8773728218126	25.6958252141663	6.56402454202639	2.20168898432521	0.0669999999999999	0.197761483743264	1.25563652915085	66.6050228375423
opc12.63	0	0	0.663849174880767	4.43539193683131	64.2357578567741	7.44975994815747	0.67	-0.000304855136416482	0.999466575034902	76.7847589166437
opc12.64	0	0	6.07308688105059	20.9459574764039	6.13401280942888	59.0593879154057	0.297	0.065635114381952	1.00084527376676	92.212445082289
opc12.65	8.73520699300213	0.305374624096302	1.80246897351666	32.1522024916706	2.40040318715152	20.3549717943739	0.142	0.132748840214659	0.991384570249031	65.750628063811
opc12.66	4.84030503828921	0	1.86815403835489	58.7064066951313	4.12767476847148	20.2698991466199	0.0629999999999999	0.202700856209479	0.987684424770789	89.8124396868668
opc12.67	2.17518901265484	0	1.49345671260628	48.693194183513	1.30800154362426	21.1909791959316	0.0600000000000001	0.208612268897611	0.987543027590354	74.86082064833
opc12.68	5.27283025308843	0.258616138369988	28.0773249622042	1.70369683210461	0.999867993014308	98.6036770729034	0.159	0.124384049738253	1.06168396584455	134.916013251685
opc12.69	1.65245754367663	51.6643535764711	0.555865439356803	5.95760000826121	3.64796860028318	22.6918215820272	0.091	0.172868367920137	0.986493249825329	86.1700667500761
opc12.70	0.901071507134634	0	0.826850699681297	28.0796996643583	5.65651527755348	50.6982870843608	0.125	0.142731337058839	0.993665448943318	86.1624242330886
opc12.71	8.78436394580619	0.0319976329763282	4.37803915904454	21.5394249543245	0.0982415654837665	43.8232955991254	0.149	0.128810532704136	0.989997257387503	78.6553628567607
opc12.72	2.73631446932018	0.401278636039841	3.99052308682096	59.6996691205712	5.79758527630567	14.1096211367291	0.136	0.136039147849425	0.98914870305134	86.734991725787
opc12.73	0	0	21.8643032975693	3.16858774026289	57.428382255749	9.77982348330575	0.125	0.142661183178789	1.08151062685001	92.2410967768869
opc12.74	0	0.188923311354669	6.38472846706398	19.9885229420701	16.7311884678581	55.3316788781301	0.088	0.174932238715462	0.982902183919129	98.6250420664769
opc12.75	0.482409817962908	0	17.4863476324218	27.6447431285819	9.93623079486542	33.0899986726106	0.106	0.156270272766976	1.037926040093	88.6397300464427
opc12.76	0	0.517769913791667	0.521970602052838	42.5922072436846	1.68195009391867	15.6293052924029	0.0590000000000001	0.215210873719399	0.989866564460198	60.9432031458507
opc12.77	6.6604390483911	1.49671210264219	106.809843107548	3.6636032588678	5.58296024638124	11.0308593192281	0.00900000000000001	0.38299476577194	1.80023756845472	135.244417083058
opc12.78	0.494248084608224	0.00335639476961304	0.868266570391644	43.2783217603476	0	37.0112689891841	0.226	0.0919596220130497	0.995490464221185	81.6554617993012
opc12.79	9.16074021540749	0.38400162274617	0.00405920844236498	14.4825869188666	2.64737637360221	71.8335222590073	0.145	0.131671258242796	0.994641312986018	98.5122865980721
opc12.80	0	0	3.24643671587939	17.595661443139	31.2763814365282	37.4245982694886	0.312	0.0614651431239271	0.996989721950997	89.5430778650351
opc12.81	16.0095839927366	0	29.2235629469728	12.8041601037902	13.6650141039347	25.7736162528873	0.097	0.165632873838632	1.1352941971564	97.4759374003217
opc12.82	0	0	23.9746045454606	0.795264899156894	60.3403812513172	13.4583727509733	0.171	0.113376046013227	1.10365154772428	98.568623446908
opc12.83	2.25451833845438	1.07782664380084	24.238735210906	4.3971961104704	4.68745656372773	39.4742769301988	0.019	0.339541504391213	1.03561272522174	76.1300097975581
opc12.84	0	0.644903341877912	1.20620333299648	39.6631540075305	0	53.2236733243146	0.0580000000000001	0.21605410889009	0.989660414361967	94.7379340067195
opc12.85	0	0.0569652967054155	1.33158694102971	64.5095749077174	0	2.83357714361068	0.104	0.158691617601058	0.989772594669875	68.7317042890632
opc12.86	0	0.494334513282363	0.781793651289141	52.0852287090073	5.09670178805189	34.2191716277795	0.047	0.235438466229378	0.989843319509935	92.6772302894103
opc12.87	2.07603319831874	0	3.24654021929752	1.65673978215758	54.8555347263886	1.59281211369389	0.083	0.180484921388266	0.98276442672883	63.4276600398563
opc12.88	5.40418655426179	0	3.86433962099208	12.556047504301	27.9998945555908	13.9093399937392	0.09	0.173664987898171	0.983238176817845	63.7338082288848
opc12.89	0.586388099465549	0	18.0574810107352	0.985851984398432	46.8387138056836	30.6807459225496	0.337	0.0564652004249646	1.07381212067998	97.1491808228324
opc12.90	11.1413678946626	0.533046416949525	38.3822384491319	0.624896483147077	36.6869889375942	7.2235920052184	0.432	0.0346082383243974	1.38280234746843	94.5921301867037
opc12.91	8.25759715485523	0.367184377187889	0.512977830589827	0.447491763419494	0	108.61563467464	0.003	0.538009308279408	0.975224408831552	118.200885800692
opc12.92	0.620081519997579	0	2.4754570113099	37.9305773026117	0	45.1672368083733	0.16	0.12398056953288	0.991826866949834	86.1933526422925
opc12.93	17.2700223335603	0.742133587518026	5.17625949952381	3.23847594809131	3.91454103755942	61.9742982896514	0.485	0.0275309585706744	1.00420396318913	92.3157306959043
opc12.94	10.935126249215	0	89.242746953143	9.73562267611835	18.9316813918575	7.54615464669777	0.564	0.0151864931389356	1.87055242003822	136.391331917032
opc12.95	15.9906018314719	3.73965032604532	28.5656229825109	10.3760319832368	3.70775390375633	3.10207129447027	0.696	-0.00347901898087842	1.46111393424916	65.4817323214915
opc12.96	7.53831535549194	0.44194578415462	3.17261229946653	25.445754009983	2.43665321586	15.8616015240967	0.197	0.10237629086344	0.993826255095199	54.8968821890528
control.01	0	0	2.5519211852164	37.7556860740615	30.1543930084205	11.9671009911108	0.191	0.104539544005617	0.993098661937543	82.4291012588092
control.02	0.655950544064247	0	16.1954323663989	6.86798315521457	38.3522947287669	37.4983485843715	0.096	0.165861037192537	1.01150140042858	99.570009378816
control.03	0	0.173733984364955	1.43195621959296	47.1941458251247	4.83118331572137	22.4729170630567	0.099	0.163926767924786	0.990578368643412	76.1039364078607
control.04	1.9870088613698	0	19.0785354071025	32.2865489213782	27.1354595284633	50.8673839471581	0.095	0.169957007514989	1.00081458943484	131.354936665472
control.05	3.70448631349705	0	4.79947398520958	29.5317685415715	15.0147970165731	34.9126511231576	0.075	0.187794824297462	0.981828117301686	87.9631769800087
control.06	0	0.64277564565311	6.37345876989754	52.0618827806107	2.72000313571817	20.5765962325115	0.0659999999999999	0.20014497844426	0.977955264255978	82.374716564391
control.07	9.19745200429032	2.38149742824971	4.65149968979931	30.8926176017574	5.54747352285943	57.0175009249779	0.0600000000000001	0.2111966651491	0.981344456113565	109.688041171934
control.08	2.60790195209123	0	6.09689827638863	14.5677533822054	42.5839969288513	11.4655106198725	0.096	0.166778889529176	0.984605786531139	77.322061159409
control.09	2.02730623547038	0.0825565989893731	3.4216972386174	44.5998654636512	24.9083223523116	24.3923155264959	0.096	0.166554206748929	0.987366915605285	99.4320634155358
control.10	1.33385208106516	0.00790278181082762	2.51425786937331	42.0621945050431	3.53274038240023	30.8507873245124	0.108	0.154285393070029	0.989004167306989	80.3017349442049
control.11	1.75102069642228	0	2.39181573943086	13.9805303675098	15.1361592110076	32.7362564675517	0.164	0.120924565778587	0.991408493259771	65.9957824819223
control.12	3.28845141638058	0	8.86164894075903	9.52552636653205	16.2787397305505	42.6825040612587	0.03	0.291382876409538	0.954923161425806	80.6368705154808
control.13	0	0	2.97102960942657	35.8690715096265	21.3262448177709	26.3505472306646	0.0669999999999999	0.197849742692333	0.984565216991655	86.5168931674886
control.14	2.04234935886852	0.345171649638648	0.658199902517601	53.1944156979413	5.26737336539032	18.6083946478003	0.243	0.0860990735374731	0.995768904474991	80.1159046221567
control.15	4.50658632269788	0.653206939397597	8.00597089377035	43.5092222997764	3.45348718133262	16.8367965521181	0.048	0.230285434905602	0.971510021162086	76.9652701890929
control.16	12.9550807982946	0.959937939207884	0.164364846929047	10.8391184763664	5.76577000958252	43.338881367226	0.238	0.0873105881741964	0.996493581761727	74.0231534376064
control.17	2.50865409493562	0	4.28682022919754	8.64286408757715	16.9644365317161	67.024761712944	0.415	0.0393821388457536	1.00010132768792	99.4275366563704
control.18	0	0.576683115389386	0.835324416740548	45.1276040015144	4.68755624485982	17.2293637581159	0.049	0.228013592176905	0.988682488545814	68.4565315366201
control.19	0	0	4.96718854956413	15.1594540816214	22.0212110972156	49.2290775623059	0.112	0.152454494195984	0.986704454138611	91.376931290707
control.20	0	0	38.3229464927031	2.35900050012886	74.393732632458	9.62754288116888	0.042	0.252954071095332	1.08811030006739	124.703222506459
control.21	0	0	15.3589327167235	0.472562682604544	8.87071203400941	123.779765651587	0.049	0.227527103500439	0.972263383446053	148.481973084925
control.22	2.60618099272425	0.0579488259521022	6.93497195072673	14.8253868655191	1.43585057900862	73.7613710252404	0.131	0.138272242283359	0.989213344911531	99.6217102391712
control.23	34.71272299054	0	3.72270327587703	28.9683147539513	9.4639169371031	35.4976525431264	0.336	0.0567340065542753	0.997158748683736	112.365310500598
control.24	1.79719056939916	0.178462482075339	7.18860576126933	16.4084298063861	2.51380290773893	53.196934270898	0.277	0.0723570280489262	1.0059899193368	81.2834257977669
control.25	0	1.22372966744217	1.89822749389362	28.3386647290393	3.8428933358179	58.6574806938876	0.099	0.1636040441673	0.99054749138671	93.9609959200806
control.26	0.20258036177838	0	1.1272777849329	3.09373840118702	89.0474666508205	30.4643916582464	0.111	0.152518041904727	0.992945804193091	123.935454856965
control.27	2.33736238580171	0	2.77166169352947	29.8167310478075	22.8220585895699	5.68268171270849	0.161	0.123269766488069	0.990705473579357	63.4304954294171
control.28	5.55903967375722	0	2.60625317029058	10.7508519025387	25.1804538739296	44.7189427820738	0.164	0.12045114454362	0.992044299260852	88.8155414025899
control.29	0	0	8.46514168557366	23.4475655132941	2.47923585849783	35.5663633765664	0.166	0.118582914275376	1.00666888025321	69.958306433932
control.30	2.9027863755381	0.381797923346925	7.20654132185878	44.0703150687345	6.79576961559054	30.8067357785985	0.036	0.269010425663843	0.964318482129538	92.1639460836673
control.31	0	0.0525454020707658	5.65088189687743	52.5553018505753	14.0866231977577	20.8949425958162	0.106	0.15697095151426	0.985831336128644	93.2402949430974
control.32	20.9367362947482	1.27784510625791	1.95805045504065	20.7229512368536	2.24563315228917	15.5365647493154	0.343	0.0538029143591931	0.997273193180985	62.6777809945048
control.33	4.04453309059967	0	22.7530811380926	0.309289295005596	59.7919666302295	33.8468537105846	0.223	0.0927235974279366	1.06050144972062	120.745723864512
control.34	0	0.564109736315073	0.0462613756375509	56.8757410258411	0	32.5333740406587	0.131	0.139170368450036	0.994016078044345	90.0194861784524
control.35	10.5869961769221	3.16360093695517	5.4689316346685	40.649225119955	1.92943329284153	17.3603471208087	0.073	0.190292373353434	0.980100649854321	79.158534282151
control.36	8.39025312929095	0.0291657290531055	7.89772806429143	31.3795495135835	13.3908551715401	26.6136895805784	0.034	0.285715408559937	0.958600467441594	87.7012411883375
control.37	3.62189914605187	0.556624730082626	14.3926161170132	23.2054737232649	15.541517877813	23.9442392195003	0.0590000000000001	0.211473225445743	1.00020536449733	81.2623708137259
control.38	3.42545785539852	0.481266917040085	3.14563893604627	15.3249084197522	6.08861147254116	48.4292306032167	0.172	0.112148250955197	0.99208043994834	76.895114203995
control.39	6.43503948143992	0.265778192570269	3.87665491588453	27.8065530085442	29.4717931697152	8.80228841110856	0.168	0.116511930695506	0.991504226251174	76.6581071792626
control.40	1.89052538174544	0	6.7229392669136	28.3357629701489	42.6563761984401	3.1563447001658	0.041	0.254555928313477	0.966503837050364	82.7619485174139
sample.01	3.28152591975432	0	54.29358888375	1.54119624730464	0	78.532681230768	0.02	0.328352663864038	1.13597202030159	137.648992281577
sample.02	2.73786443164334	0	1.80414589057079	29.449295567579	19.0793453673989	19.4789209162884	0.0590000000000001	0.214345776750605	0.986129206359832	72.5495721734804
sample.03	6.81678421757637	0.15148078471049	6.60558463625715	36.6655907421166	0.746636273755282	28.9710014823409	0.021	0.314679136851417	0.953937031599103	79.9570781367568
sample.04	0	0	13.3135704421405	9.39421757892324	61.9215271405634	19.8763853082248	0.00800000000000001	0.394463784691497	0.920282493845519	104.505700469852
sample.05	4.90589454397356	0.209564542382328	3.64225090562854	40.156704511014	0	26.9547041670442	0.084	0.178782901791799	0.983905718262691	75.8691186700427
sample.06	1.02745999845853	0.0308446865664196	24.4377444798281	6.85369101496147	0.341808723255248	75.4227350652545	0.014	0.360132258592139	0.950397674031231	108.114283968324
sample.07	6.36459528778458	0.106905552928814	4.71673701374171	1.12978286200703	3.15024864241433	49.8712063200071	0.043	0.249126179122891	0.969223305481142	65.3394756788835
sample.08	0.140729753256888	0.889173765539586	6.75610657834925	10.3929301448368	20.9352355712787	50.2323129519489	0.036	0.267867259043696	0.964965635783356	89.3464887652101
sample.09	16.8881042172164	14.935396790501	5.43042201181603	7.619621457797	8.66668245619899	59.0672204173006	0.095	0.167604349518314	0.985160736620056	112.60744735083
sample.10	5.63828123338383	0.62203809894878	6.43654414674805	38.2222620714581	5.57964787060504	26.9240457551532	0.084	0.178777713177728	0.982111201044329	83.422819176297
sample.11	6.89779707277109	0.710364936823386	3.35817752872682	29.7561075428179	2.66370022857167	27.6748918287464	0.108	0.15422820050953	0.98699822864354	71.0610391384573
sample.12	1.34085158268592	0	1.99566672551109	44.6553174822481	3.48470834796928	23.1918284574146	0.075	0.188325893362997	0.987185758502873	74.668372595829
sample.13	13.1571185402323	0	3.17876642318484	24.7720157729101	36.4377541419672	9.21246115930146	0.253	0.0820016535897931	0.995043919156776	86.758116037596
sample.14	0	0	11.5394247858722	4.57335189925822	62.24710730548	8.70195196416827	0.00900000000000001	0.383700087793663	0.923039770682389	87.0618359547787
sample.15	4.49273214595627	0	21.6560408955327	15.0729057433282	33.7506289085349	18.8771914476977	0.003	0.565159029943179	0.823266013653813	93.8494991410497
sample.16	0	0.0516361558151138	2.16477825724345	0.147052438606741	0.164269797462743	77.1760738888294	0.0590000000000001	0.214192621924579	0.984459531310858	79.7038105379575
sample.17	0	0	3.86394262372118	16.4844407693696	42.1067064792736	14.6413853488296	0.102	0.160321618632916	0.985805330139421	77.096475221194
sample.18	0	0	10.956563680738	0.12331091131411	81.9017125174204	17.4737593841617	0.022	0.305286251733033	0.95194975577221	110.455346493634
sample.19	0	0	27.199210061404	0	86.6892316108822	49.4322076547278	0.034	0.282845188637683	0.965669624670188	163.320649327014
sample.20	0.619439506072936	0	14.8703494333807	7.97329641570796	13.9580391935878	79.6099946017429	0.041	0.254404784787871	0.966833439104682	117.031119150492
sample.21	10.6116250407361	5.31426077030502	14.9983909878059	10.4174569911198	4.05904804053571	56.3611343470609	0.019	0.34078813003017	0.938360450526624	101.761916177563
sample.22	5.19266117265936	8.15612300932565	3.47234170319017	10.9822844247048	16.4913970406638	61.0313071657967	0.129	0.140667810128264	0.989891558827146	105.326114516341
sample.23	0	0.0533511852604666	1.25937162291441	1.42005305946661	22.9363834644619	66.6710336625398	0.0600000000000001	0.208524095810595	0.989416139051184	92.3401929946431
sample.24	11.5581319448388	0.636514066649522	0.576276166161384	33.6508450243202	2.52552085489545	25.9847309554604	0.127	0.141287046214407	0.994287611858448	74.9320190123258
sample.25	0	0	19.5094968165009	0.953408077283739	0	84.2805416003267	0.00800000000000001	0.41136908138868	0.910576201624128	104.743446494111
sample.26	0	0	4.06183106372412	26.2334198259763	4.96465927326909	50.8678293616364	0.108	0.153484635484251	0.987077522800881	86.1277395246059
sample.27	1.37270416605007	0	3.57156723405786	20.696329663197	27.22596177665	17.0544701879223	0.086	0.175871284128629	0.983757831928388	69.9210330278772
sample.28	3.38521046907389	0	1.78651400343104	24.6357478133537	27.4899210677792	9.21336643327758	0.1	0.161480651097089	0.989186245040005	66.5107597869154
sample.29	4.74250081409435	0	0.124454414482111	42.5274974049361	12.7128799597217	22.9674288035576	0.0669999999999999	0.198762905911251	0.992879243765014	83.0747613967918
sample.30	9.81629773851639	0	0.208819450890613	20.0375648761407	37.373038766824	7.61673400122073	0.0639999999999999	0.201863265683575	0.993392103875716	75.0524548335924
sample.31	8.29726856503742	0.168108538893734	2.8472763976576	30.8777044877316	7.87018623728701	28.2069448118928	0.162	0.122172224861852	0.991312263577382	78.2674890385002
sample.32	6.02579530737839	0	17.097012340128	47.5045114171018	52.7665959599208	10.3356788156252	0.021	0.320045789178747	0.94544147604557	133.729593840154
sample.33	11.3896307838585	0	3.02457418096335	49.3858438197448	12.5847021622145	6.39944865815924	0.107	0.154864296759467	0.988051542717116	82.7841996049404
sample.34	3.58597969668913	0.401699064808576	2.4221477658734	39.0488820657698	8.6883428121532	22.5198499961356	0.197	0.101587208725395	0.993377765847341	76.6669014014298
sample.35	5.28942393788092	0.614944559087006	18.1886912461647	27.4209006883714	3.25270836251186	27.5979544831825	0.003	0.515137943010877	0.85562675159857	82.3646232771984
sample.36	22.9034439250266	0	8.67917917220216	0.377088609602173	107.760933356653	6.83265703911259	0.103	0.15935735713976	0.985429996030062	146.553302102597
sample.37	0.293790211624215	0	27.5715606840365	6.95629956611299	39.0425430397264	33.506969525664	0.034	0.284416662899483	1.01691105149549	107.371163027164
sample.38	5.74308381114	0	1.13295087769215	2.79774206343584	1.23045918615085	35.6011152664757	0.13	0.139864089134026	0.991190701980132	46.5053512048946
sample.39	1.90783891984158	1.82211044508051	0.680537713151901	2.27891516579418	2.33875360484169	86.4363268751229	0.225	0.0920825531535976	0.995420123106137	95.4644827238328
sample.40	24.2727977268544	7.31172288414105	17.6603525861127	0.454949004926629	10.6112989435767	41.479800351557	0.00800000000000001	0.405221857758947	0.912456473417514	101.790921497169
sample.41	2.45014763573599	1.88097546590996	4.02435639046026	60.5549010363893	7.97380455826902	2.03372676017989	0.095	0.167704731372037	0.984740156672731	78.9179118469444
sample.42	9.73633271082519	0.172311234572337	1.67434058933451	17.228944558309	2.14898875125523	47.3620215585358	0.096	0.166229695618975	0.990299465353507	78.3229394028321
sample.43	0	0	11.5436258646245	2.73710863029908	25.0569893524072	72.2597920286158	0.045	0.240628236109134	0.968819649421701	111.597515875947
sample.44	1.20563161775322	0	0.657859010873913	6.30531690166457	63.9558971764313	0.182390363986812	0.153	0.127424308030967	0.993524600249696	72.3070950707098
sample.45	8.11771083694667	0.0241393638862903	1.13977713501055	35.2398676649765	17.0402209466713	16.7587911007373	0.104	0.158189641643832	0.992283076792305	78.3205070482286
sample.46	0.162972761389535	0.327614922522589	0.520288780606323	43.9966445429331	19.8948431375059	29.978889716661	0.014	0.360371481320225	0.987136802106629	94.8812538616184
sample.47	0	0.284525637403523	1.86847428906376	28.5384879563931	6.33078305603673	30.8534634443243	0.096	0.167365358247411	0.988745581921445	67.8757343832215
sample.48	5.44346020366011	0.577580072233586	15.958677194843	1.98789022634909	12.3813685317809	52.3247916217895	0.022	0.31125075302584	0.957044627467927	88.6737678506562
sample.49	0	0.239724180964906	0	15.8786097189182	6.28506164155329	31.5875834246556	0.048	0.22949571855793	0.991879591691249	53.990978966092
sample.50	11.5600868577935	5.67886001612174	14.6453347519442	3.26170071215806	4.36387612177514	58.7866907292466	0.088	0.174824678219201	1.00057888496489	98.2965491890392
sample.51	3.9737302323573	0	72.8502357798369	0	50.7562886413625	17.0162758736564	0.001	0.642346233773998	0.967474799723552	144.596530527213
sample.52	3.30419278994275	0.188992012446258	1.69962073652385	0.80061436086065	1.02312570155288	69.9130383391777	0.0620000000000001	0.2034476539235	0.986867821069081	76.9295839405041
sample.53	0	7.83731130103784	31.9937784364636	0.414929960117181	66.9838465856933	20.9963794660543	0.003	0.583797333180779	0.810853731297906	128.226245749366
sample.54	0	0	1.07594402786479	55.8323919583699	22.2276431237586	1.18825694011851	0.083	0.180073598452261	0.990349646989935	80.3242360501118
sample.55	3.62752877252506	0.323256558958439	0.964612532461333	5.04214859079604	2.09150424402603	47.8793194478391	0.148	0.130498462844267	0.992926235962835	59.928370146606
sample.56	1.85512429825363	0	5.65721138016711	9.83974155305777	72.3236525354494	12.3473262851739	0.262	0.0789174595603984	0.99719506893325	102.023056052102
