Mixture	Astrocyte	Microglia	MO	Pericyte	Neuron	OPC	P-value	Correlation	RMSE	Absolute score (sig.score)
control.01	2.89535711942994	0	2.04880153035031	7.00358389175151	41.6874274524012	48.8923989270929	0.126	0.147492890406465	0.991188925280082	102.527568921026
control.02	0	0	20.634189707684	31.4452903942461	3.82434178476385	85.2377710497331	0.11	0.161534912133504	1.0050483328169	141.141592936427
control.03	0	0	1.80178724116116	9.08496718918809	60.1051604481141	14.6297786959184	0.103	0.168529951426546	0.989482791977738	85.6216935743817
control.04	0	0	28.4682387681991	5.99565518595727	48.4654044935516	69.8287685761396	0.107	0.165653974818483	1.02673403253307	152.758067023848
control.05	0.332296475061494	0	6.92026587476843	23.6902588391281	46.627039769482	32.3078722885465	0.085	0.196591688396129	0.979431087484168	109.877733246987
control.06	0	0.00524563911254139	4.34884771149334	12.3122273054631	76.6185563945254	4.77391078157817	0.052	0.24650325521502	0.976166978262695	98.0587878321725
control.07	0	3.35062937298514	8.68879202397138	48.7272144490529	62.5805532353227	16.7080617981158	0.09	0.188750581051863	0.980828359377434	140.055250879448
control.08	2.67381769957436	0	15.7778746372367	4.70611889487167	24.1907493894263	52.2137274981843	0.117	0.15549853621946	1.01355210921399	99.5622881192933
control.09	0	0	1.56641842628261	12.1908905939054	48.7673675442318	74.163229560935	0.019	0.373791954524471	0.982192494623543	136.687906125355
control.10	0	0	2.62375498830137	6.66308709641929	74.9096328222498	30.7627934682221	0.076	0.205702682322539	0.986524288020671	114.959268375192
control.11	0	0	3.9619615839314	26.5750308167002	23.2575093285851	31.3011362710292	0.125	0.147728614992289	0.987704969947797	85.0956380002459
control.12	0	0	11.2615154092654	26.6243060978786	22.0480887922466	38.8024317514443	0.035	0.29109918637866	0.954771392818464	98.736342050835
control.13	0	0.0175337727034011	7.08111069904047	24.5834421269629	33.6217097934461	35.1186854712718	0.091	0.185263334223101	0.98087671000586	100.422481863425
control.14	0.301068966005934	0	1.08113814717683	19.5097996967879	81.5121710069145	12.6224889251637	0.148	0.133669323679688	0.993393338270115	115.026666742049
control.15	3.36961749461036	0	7.15557814455317	21.748556869475	38.5984451415396	36.5784286740415	0.0679999999999999	0.215810904016716	0.975835090152262	107.45062632422
control.16	0	0	1.01160646840783	27.3667302666905	28.8041780618774	34.8370766106231	0.102	0.169373745938357	0.992453095367258	92.0195914075988
control.17	0.521310443833613	0	9.92896978743813	6.19298351460309	20.5549370004312	88.2836689360143	0.487	0.0295880808646391	1.01231184043213	125.48186968232
control.18	0	0	1.52893372406237	9.07584958429113	58.6807428212783	19.7695776966508	0.0659999999999999	0.219359132117179	0.987426442993687	89.0551038262825
control.19	0	0	5.31659109947344	41.5538423973614	19.3487259840956	42.4153742100869	0.096	0.17998613099192	0.983469298093143	108.634533691017
control.20	0	0	24.4367548348471	47.8934621719188	2.75363242374125	71.8924983574548	0.045	0.255455855494958	0.977056555065089	146.976347787962
control.21	0	0	14.6530884530326	121.637098253886	0.389472105129346	38.1342687246443	0.0580000000000001	0.233168993752262	0.97090117641209	174.813927536692
control.22	1.30031816710127	0	9.78442888291675	77.8197907389205	21.8156930285147	30.1281347457612	0.143	0.138730683559949	0.989078197184931	140.848365563214
control.23	26.510107707007	0	10.0281655395796	11.9086181176443	77.2843549586765	26.6415982801939	0.33	0.0630610001852707	1.00125381411013	152.372844603101
control.24	0	4.58990674454093	12.9307498593863	64.9389676977739	29.4761243740143	4.36791666012196	0.325	0.0663941847717793	1.01675315713083	116.303665335837
control.25	2.90450306876685	0	1.32632144407837	29.9081621785778	43.1927763906557	38.8978773443991	0.279	0.0799792312359911	0.996034035549349	116.229640426478
control.26	0	0	2.50259250743579	1.5447375238276	5.4801331807811	137.482651015497	0.161	0.125415685194366	0.99215439705681	147.010114227542
control.27	3.4487882352759	0.126274955236508	5.4729787477543	5.26364281331713	56.9327002337821	2.73405597493205	0.162	0.124817699727296	0.992128984388878	73.9784409602979
control.28	0	0	3.60697344929089	27.6515033369272	16.6478799575376	69.4905959236903	0.071	0.211614264586291	0.983812794420987	117.396952667446
control.29	0	0	9.22888253059698	22.7315649043334	36.3678601161384	26.8846583394456	0.166	0.121312047513313	0.997667529239439	95.2129658905144
control.30	0	0	6.07922631313045	32.858497904582	49.2869399248488	21.9670161600248	0.036	0.286600126712283	0.967682553968318	110.191680302586
control.31	0	0	4.61928199125158	17.3316721484135	44.7128449612144	46.3419588134558	0.105	0.167273915920153	0.98603915280794	113.005757914335
control.32	18.4613399039295	0.182418141023942	5.01889999994866	4.64835899835216	53.6578115199919	5.80201215747861	0.411	0.0461097070180939	1.00187577402217	87.7708407207247
control.33	0	0	41.4989535133424	38.9025954745398	0.139074270675698	59.0103020005879	0.242	0.0930228907108979	1.17937331610095	139.550925259146
control.34	0	2.28018007814424	0.0988168001309103	93.1837908433921	51.0507611193092	13.3927761487459	0.0629999999999999	0.227699608083901	0.992115423626262	160.006324989722
control.35	7.58776296652942	2.46472984027135	8.70212106225583	9.56327921667712	63.3918203022963	0.213474574547532	0.09	0.187649839395776	0.98135349165315	91.9231879625776
control.36	1.86310123357907	0	10.1645130877718	10.6764438319944	45.3730893441112	47.4398190234168	0.039	0.267205224447477	0.962911245827545	115.516966520873
control.37	1.37503283452176	0.164612385175749	17.3573906796424	12.5918305455988	42.3583407125542	39.6738492608132	0.082	0.199303195001843	0.99371798235615	113.521056418306
control.38	0	0	0.539589294197392	7.59241348339677	28.7853246774013	54.3206113011817	0.104	0.167913794019417	0.992686733116967	91.2379387561771
control.39	0	0	4.32854093728883	10.9826710007752	32.3689772017997	55.2620132389943	0.098	0.175208242473493	0.98487213634958	102.942202378858
control.40	2.60080264918759	0	12.2008936308532	3.15713454649974	57.3430302132742	27.1443003177554	0.051	0.249134142655262	0.967513174269545	102.44616135757
sample.01	0.136137637647038	0.679503061466231	79.0172830801109	79.0886316671982	3.45837947271523	1.73634772353383	0.027	0.329024965625879	1.2664993304446	164.116282642671
sample.02	0	0	2.05143861239134	13.4392268225703	37.4491466714367	34.5732709711297	0.042	0.26085633483815	0.982976473069797	87.513083077528
sample.03	0	0	9.38676964528011	23.2476021814152	68.6216927710507	21.8837127647302	0.0679999999999999	0.216216007462409	0.974851575778513	123.139777362476
sample.04	0	0	15.9393398251718	7.73650956201448	13.988844046684	84.2854545617848	0.015	0.391294997071291	0.920604515309102	121.950147995655
sample.05	0	0.219965187152103	4.06264442092215	46.2234393059142	42.3139302992784	0	0.084	0.198516533650528	0.982347547125883	92.8199792132668
sample.06	0	0.042750489090486	63.6506847249336	49.0639202110272	17.5535981564916	0	0.023	0.358169255847431	1.25051260153145	130.310953581543
sample.07	9.84328418543387	0	8.20423101231926	45.8316889607213	4.49235757776649	9.29057195870464	0.074	0.208678290655161	0.977348518318914	77.6621336949456
sample.08	0	0	11.1654477110461	55.6854379104673	16.3387833016406	22.0789516913463	0.044	0.257572567727679	0.964328254049611	105.2686206145
sample.09	15.5374422297589	31.3291767193418	9.03276127368948	60.0766037282676	16.1426882367444	27.916271553647	0.119	0.154232289695229	0.986226282516272	160.034943741449
sample.10	0	0.226632224418007	5.88628482941435	24.668203011519	48.0983266371283	26.1545604536357	0.084	0.198020708827051	0.980070324299792	105.034007156115
sample.11	0	0.392717173837478	3.25232883845717	65.0659350733832	24.2806558353113	0.478620607013372	0.084	0.198027687489549	0.984484725259498	93.4702575280025
sample.12	0	0.319063108769158	3.07447000451893	20.3858708046127	63.8528564450727	0.272099268638539	0.094	0.181969126403641	0.985597327013651	87.9043596316121
sample.13	5.99511417121961	0	6.53005505656831	16.4590915268103	31.3677758349245	42.551224936728	0.295	0.074962357163273	0.998943536462279	102.903261526251
sample.14	1.59711026357769	0	23.6194645350749	10.2634260145806	10.3564574779912	59.769605818702	0.015	0.387830391615159	0.934111303961733	105.606064109926
sample.15	4.29265137821416	0	31.3058325587206	9.19019233751751	24.4706355799043	56.2202956349433	0.002	0.559129062265373	0.829154025025208	125.4796074893
sample.16	0	0.0137475716883108	3.78614437195495	89.5675270523312	0	3.37688829773411	0.147	0.135010700085852	0.989724707962483	96.7443072937086
sample.17	0	0	5.59721025326006	14.1190967226124	24.9176458840129	41.0522293805837	0.108	0.164302725694147	0.984561113447078	85.6861822404691
sample.18	0	0	14.8684297946201	0.642407539437815	0.0458765212775005	125.12828918947	0.03	0.306563975225055	0.950634544692117	140.685003044805
sample.19	0	0	64.6142384813316	4.62623439450508	0	121.864732100371	0.037	0.280861935668063	1.10440728348323	191.105204976208
sample.20	0	0	22.3498931728408	98.3748809569158	6.5129161625841	12.291695269476	0.046	0.254233068980689	0.974856218772051	139.529385561817
sample.21	9.62481770299522	6.8201859073931	28.6197363870515	56.759994021548	15.515068378717	0.603362380043942	0.024	0.345536686898714	0.968244694502063	117.943164777749
sample.22	0	11.4814563043119	4.42468153593161	53.6079659752349	22.9863355761142	32.7711243979188	0.162	0.125089472159966	0.990983350198465	125.271563789511
sample.23	0	0.483561174844247	2.39699684702031	85.7356203762422	1.64687785555702	15.4090697167934	0.088	0.189654492900777	0.988003133914016	105.672125970457
sample.24	4.54134175998263	0.689977033206089	1.17122015517896	16.0908864794884	63.5114177956746	7.48331102173012	0.156	0.127514139773961	0.993439743521996	93.4881542452608
sample.25	0	0	26.8962858467769	81.7829105309458	2.34816382956462	16.4857402375388	0.012	0.413728846340922	0.914169659678615	127.513100444826
sample.26	0	0	6.31382604388437	51.5209303428079	46.9342398121109	11.0782505472093	0.116	0.157596476545522	0.98598930395794	115.847246746012
sample.27	0	0	5.66355314812617	9.14649766348285	41.2827707162155	24.6558599225647	0.1	0.171957210688763	0.983253790926662	80.7486814503892
sample.28	0	0	2.93610601443541	12.9039989789915	36.7344187088907	24.9176114002876	0.12	0.152876996917685	0.987993000190721	77.4921351026053
sample.29	1.73468870880387	0	0.177221242181869	3.80124957513851	78.4365955869941	13.8362745619133	0.076	0.205258983139601	0.990265629850857	97.9860296750316
sample.30	0	0	0.379693724997055	14.6761168986804	38.6516085509826	38.1350847889726	0.086	0.192844656990835	0.992563716628339	91.8425039636327
sample.31	2.03302625427987	0	3.34646555708433	20.2271673179369	49.8233361640129	22.8350442172853	0.154	0.128419963534297	0.990804122217065	98.2650395105993
sample.32	0	0	20.6895300868556	20.5602175676668	56.6543045186827	62.5044304308426	0.029	0.319681539190142	0.945540232963298	160.408482604048
sample.33	0	0	4.3996079561908	6.86302338441972	71.6739796813304	24.228469440392	0.122	0.149364336060271	0.987913021032248	107.165080462333
sample.34	0	0	1.12575037135887	4.94884857317434	55.8797513218881	36.2313306738669	0.154	0.128320251285548	0.993482342185759	98.1856809402882
sample.35	0.0559651298723704	0	22.8257477619642	15.4159660204924	37.09799610579	27.1779087512518	0.003	0.513373973092296	0.856949610514836	102.573583769371
sample.36	0	0	10.0433857342972	159.132729767549	0.588960778551463	6.49096569458354	0.096	0.179630472500141	0.982654967238448	176.256041974982
sample.37	0	0	52.8264382097116	8.16135901275638	13.0089623649668	76.5626338747745	0.038	0.275460805177139	1.12365766805767	150.559393462209
sample.38	11.9368993927091	0.0734585475457841	2.41636043928009	44.3478442390202	5.93139751688653	0.558260147851646	0.166	0.120361991167113	0.991435303762072	65.2642202832934
sample.39	0	1.30182884408615	0.0275747732717161	130.443880789619	2.81190749347439	8.27412289315628	0.121	0.151166004765407	0.99331612131127	142.859314793607
sample.40	28.0745099165505	17.4132770860545	40.1822666022921	62.6241212937708	0.976473455679858	30.3608271564663	0.084	0.198025235416341	1.03838923456755	179.631475510814
sample.41	0	0.279857167669257	4.77371123133085	3.0698719294921	60.6508897674999	34.3796650070557	0.1	0.172476597889454	0.984621327204269	103.153995103048
sample.42	4.04793411645759	0.921468892023559	3.52821322027247	49.6978754264564	36.3571363639551	0	0.118	0.15516370693907	0.98806731394535	94.5526280191652
sample.43	0	0	11.5927567013739	70.7308377458679	2.27623651189132	51.6584730027449	0.053	0.243365059205036	0.968558590364443	136.258303961878
sample.44	2.47808487622347	0	0.941413884750107	5.35981910805782	36.4368967613922	52.0935316733867	0.153	0.129290401241082	0.993777446332525	97.3097463038104
sample.45	0	0	0.870027114586865	20.8120763802805	55.2670886366684	20.9474049792382	0.076	0.204891334598727	0.990985759681344	97.8965971107739
sample.46	0	0.386475813264488	0.619963390272852	35.5808298430788	56.1237014759279	26.0635342512677	0.018	0.378210258601858	0.986454046300844	118.774504773812
sample.47	0	0.809791208436559	3.5924584656892	30.8426959526907	45.9207475266485	5.50220183633721	0.128	0.146829971906482	0.988319928678093	86.6678949898021
sample.48	7.46454097092704	0.679201024640651	80.3180555202342	5.49811915810303	4.03923117642307	7.27812128544989	0.03	0.305250139485928	1.82530009075408	105.277269135778
sample.49	0	0.281016261931076	0	27.5773884403941	38.4990015894674	17.5276107565284	0.023	0.357209802724934	0.988286399378129	83.885017048321
sample.50	5.51266235526604	6.48559833376433	17.6426198639642	94.9549332963863	3.13804281592021	0.0320858548928241	0.092	0.184224576331464	0.992740241375733	127.765942520194
sample.51	0	0	106.544282853012	20.8144846033606	0	64.1457784407722	0	0.641026309972204	1.05270519466119	191.504545897145
sample.52	0	0.183191178872366	3.42070217918323	94.8944310182465	0.926624337681861	0.518663228813675	0.136	0.1444526965151	0.989271441352714	99.9436119427976
sample.53	0	1.27731043507901	47.0837096707756	69.8604582245673	0	33.8748756795413	0.001	0.585111453568018	0.827636262714742	152.096354009963
sample.54	0	0	0.391428005086586	10.4088973600639	53.3317264355508	47.8757314185904	0.027	0.328834278413389	0.987417123321052	112.007783219292
sample.55	0	0.218157110224726	2.16345802200654	62.8591716578889	8.37374832699589	2.17350905248659	0.192	0.110294375519222	0.992847173659634	75.7880441696027
sample.56	0	0	5.71749105956918	4.43647332022837	9.00148909666752	127.150562568483	0.165	0.121734653977827	0.99085208969798	146.306016044948
