Mixture	Astrocyte	Endothelial	Microglia	MO	Neuron	OPC	P-value	Correlation	RMSE	Absolute score (sig.score)
sample.01	9.28596403548064	4.30604516164803	0	99.9715965646064	2.99567097949583	1.47742265311715	0.019	0.360594194495242	1.94464883587787	118.036699394348
sample.02	2.87453235219067	24.815994566905	0.0646914163159106	1.37947584693988	15.3771897225457	11.6268038281627	0.02	0.355337202304234	0.973545018091156	56.1386877330599
sample.03	5.42987100540157	24.0837642460856	0.39915088584134	8.84086749774837	16.9641374860844	1.52390197311589	0.00800000000000001	0.499640755246397	0.872793383694687	57.2416930942772
sample.04	0	17.9976175984224	0	10.2940797614463	4.84723270288285	41.0357534996288	0.00800000000000001	0.494566875383682	0.880208761809871	74.1746835623803
sample.05	10.6570370818547	10.0538198017303	0.608248518036958	3.47023421375977	30.9278402306481	1.46070986073863	0.075	0.211678218691118	0.977477660395373	57.1778897067685
sample.06	4.53205447874313	45.0777761937852	0.0132353682230868	30.1926593636485	8.0904587080702	0.0098858622098592	0.00900000000000001	0.477605603968615	0.948527919860718	87.91606997468
sample.07	6.01586955024411	65.2536413020122	0	1.94244460794582	0.733918340839741	2.06491702932854	0.005	0.578609807128293	0.939480517852653	76.0107908303704
sample.08	3.0562195669091	44.9973395761963	2.15559366828726	4.31736910333809	6.56571566548557	17.2367724104566	0.023	0.32708193409677	0.960013409451758	78.3290099906729
sample.09	18.5606903898998	39.6686879661365	12.4686956298105	5.31638913781193	2.8687868011626	5.55695649040849	0.052	0.248909159870344	0.970579367653883	84.4402064152298
sample.10	10.901878581825	12.6987470505831	0.490588040893344	5.44617110487943	31.7440669695178	4.67122174304162	0.052	0.249343855366994	0.967672212536075	65.9526734907403
sample.11	6.64457845513203	11.6513381106359	1.59492891656393	3.58999227974167	27.8872391474598	2.37161630456912	0.076	0.206654534591914	0.977466870519287	53.7396932141024
sample.12	3.23616941539344	2.53923545406714	0.174149637917071	2.35741358839576	43.3541719478056	0.292979694905871	0.078	0.200712589224353	0.981454547606133	51.9541197384848
sample.13	5.44586622811047	2.36666317358297	0	5.16034499129927	6.52676025603564	39.8308044044272	0.2	0.0929913223927949	1.00174831209226	59.3304390534555
sample.14	4.50276570275634	23.9144275679921	0	12.3040697970561	7.64235419788585	37.6376679053334	0.00900000000000001	0.440153358461559	0.900210982107696	86.0012851710238
sample.15	7.43173929030489	11.2521655718989	0	24.0235531203195	10.789815343853	23.1804609128752	0.003	0.717616136480363	0.697234655022366	76.6777342392514
sample.16	0.173060807792	79.1832348802219	0.0331442477699427	0.77821978759733	0.0376485522227911	0.0804395823421843	0.00900000000000001	0.47661067519949	0.952314967011349	80.2857478579462
sample.17	5.88681991147796	7.60040169501787	0	3.97771998550255	4.8871667393077	27.9591275751645	0.0620000000000001	0.233367982306515	0.971180436650706	50.3112359064706
sample.18	2.64083140078945	9.76159953992587	0	13.7096092144735	0.126177927647314	50.6450323442762	0.00800000000000001	0.503477962096278	0.864432826700159	76.8832504271124
sample.19	3.30975973549805	100.098719662136	0	15.7244165293877	0	39.0953045782755	0.033	0.298024987595914	0.953739243854224	158.228200505297
sample.20	5.03331109533549	40.047501718761	0	18.5755360181576	14.28270528163	17.8335163743643	0.04	0.285438332431089	0.975132999684974	95.7725704882485
sample.21	11.6575648743336	32.5694344923126	1.84971862739459	13.6147401766376	3.50560310861957	1.36039840673834	0.00800000000000001	0.527200684883458	0.848079071547542	64.5574596860363
sample.22	6.20484081167196	56.9684664724084	6.34824638902691	2.23535665931508	12.4516498464606	3.73267484125337	0.02	0.354009893715075	0.969624874425594	87.9412350201363
sample.23	4.52969397565742	52.1184251096319	0.193126634067525	1.47170545966886	1.4754504924061	19.8839718798188	0.042	0.279581720099155	0.978440267229938	79.6723735512506
sample.24	11.5904638228824	20.2495204845215	0.594808887145629	0.4744824567721	15.6773097176515	2.46279581050791	0.171	0.111314848394151	0.994202322813025	51.0493811794811
sample.25	5.49781396186071	59.3732564391789	1.07620565721333	34.6307134344699	1.83827085789991	2.63957854430415	0.01	0.433994213050109	0.973081562827411	105.055838894927
sample.26	1.62143047401678	51.9642525806831	0	7.11000540950147	22.2253493900952	6.4596601171965	0.125	0.141580138181664	0.989930070848368	89.380697971493
sample.27	4.96024337236915	26.1496825440249	0.0363076067322289	3.19191611376805	5.53386034257049	11.106531330372	0.026	0.307643676554941	0.96068448166344	50.9785413098368
sample.28	2.72845029092873	3.71965311140911	0	2.4853891794603	22.7611283593423	28.2028052686891	0.12	0.146466581916678	0.988299371894409	59.8974262098295
sample.29	7.41574526150092	18.1753288526215	0	0.154491202756695	27.0699243469197	12.7989720915701	0.104	0.164290406269223	0.993219090625212	65.614461755369
sample.30	14.5188911937449	6.28463921551699	0	0.175691142586716	5.77071343541169	30.69213386877	0.177	0.106379844790676	0.996086537931079	57.4420688560304
sample.31	7.88883248479306	36.6480694710478	0.318849982073058	2.35918356930065	15.3608637595485	3.88122143595347	0.133	0.130863237313925	0.990061168516243	66.4570207027166
sample.32	10.8339500343891	4.40714353579962	0	17.3371631746025	31.0169483350053	54.406202971508	0.02	0.352253950040625	0.934041678665019	118.001408051305
sample.33	16.9556452102954	4.29599244287943	0.132857678714976	3.62886447988564	37.7276374707185	5.53603885215267	0.078	0.199289479926379	0.980502049430415	68.2770361346466
sample.34	1.71773302737586	23.202298737521	0.460890516716399	0.930322255631361	24.476126838041	3.18436107384532	0.077	0.202646904044865	0.987291896913518	53.9717324491309
sample.35	9.64639461543498	21.4795089283001	0.660627159250119	15.0938816273598	20.7646842108271	4.74065537629289	0.005	0.580685359535312	0.81554255069981	72.3857519174649
sample.36	18.7326749508158	1.12859247215426	0	9.778100478507	0.527268918905766	85.3744631205523	0.077	0.202065961902064	0.97761762162166	115.541099940935
sample.37	4.49198868570456	32.6091550121565	0	39.1135034114608	9.41301617500506	24.6261710284995	0.026	0.308338442282645	1.1016991741891	110.253834312826
sample.38	9.65434005825954	17.7962228249949	0.0388702003394365	1.11544184298141	2.71898105926829	1.64071241213228	0.081	0.194802969165416	0.98377865150258	32.9645683979758
sample.39	62.2609509521812	11.4537818496711	1.29875009859051	1.04025428465254	6.94923522848983	7.02028063991742	0.679	-0.00265969565347107	0.99940006966688	90.0232530535027
sample.40	22.0848085526377	34.2787539067156	4.23784614783174	21.651864930102	0.960277768376233	2.41093646222106	0.005	0.576681003763173	0.816462212494195	85.6244877678843
sample.41	3.8262817475895	3.08473896552183	1.52179269466125	3.07789586948656	46.1995061771278	6.18836650412994	0.0649999999999999	0.228593797366215	0.977489375162024	63.8985819585169
sample.42	11.5460048938102	36.7502774273946	0.623371185825059	1.29731178794391	9.30427887233282	1.50222926169553	0.0610000000000001	0.234273666991598	0.982507560112828	61.0234734290021
sample.43	9.26973136175827	80.2294528712579	0.288540853257547	12.2590743866493	1.71017358320259	15.1103414526853	0.041	0.283049890096298	0.957428493583029	118.867314508811
sample.44	3.82873133001006	0.139921221790862	0	1.70887259580694	18.5751830925813	26.698814104883	0.112	0.15498999410475	0.988440501805253	50.9515223450721
sample.45	7.15423950524547	11.766282693918	0.0995947552586824	0.921528222250093	33.8100289501425	15.2269602955001	0.082	0.191604591404235	0.990708673884055	68.9786344223149
sample.46	10.4370647499333	22.0259934037465	5.86596955119654	0.573397351575564	31.104467251313	15.0877279353582	0.022	0.338900663437876	0.986320759113495	85.094620243123
sample.47	1.92071490256124	24.7546245054345	0.249940959138525	2.03687826656642	10.6230450084415	7.49459995423627	0.0580000000000001	0.239289871003925	0.976559393407409	47.0798035963785
sample.48	14.1914389089297	42.7098075988534	0.607307868922376	11.8988706744642	2.22961571382872	3.61117216010515	0.019	0.362388899335924	0.930484201242375	75.2482129251035
sample.49	4.49591215929451	19.9189605322541	0.694073266525422	0	11.983588690801	2.77094381385099	0.099	0.171299898982417	0.990679999739156	39.863478462726
sample.50	7.59661857078319	23.8549464423518	8.23454689950056	14.7318575293256	5.47411480887382	0.660504048063985	0.018	0.369661963940022	0.954157948971918	60.552588298899
sample.51	3.68203117931578	0	0	86.3882341020848	0	66.091596035199	0.003	0.680914106582858	0.995005521114002	156.1618613166
sample.52	9.00217172355554	68.1496620804582	0.492159990869252	0.933231103443076	0.286092215715709	0.177012105933886	0.022	0.341522828920104	0.970109002323679	79.0403292199756
sample.53	4.62004888903793	8.74916679355432	3.31511197300085	48.1395059095654	0.185551845594206	50.1482392081249	0.004	0.648225588857205	0.848587626714771	115.157624618878
sample.54	0	0.401424342683898	0	0.9810161353958	50.5179376191658	19.3605166165046	0.071	0.214945961241022	0.988628753707734	71.2608947137501
sample.55	2.84917814865104	30.3725690237674	0.352070187546393	0.554954167631877	4.21668250065392	2.29590179278713	0.123	0.142804825242067	0.989813318773698	40.6413558210377
sample.56	2.40224427894403	10.46911374132	0	4.34132496973522	7.68402192236843	34.4328823766036	0.075	0.208057313157282	0.976567859786391	59.3295872889713
