Mixture	Astrocyte	Endothelial	Microglia	MO	Neuron	OPC	P-value	Correlation	RMSE	Absolute score (sig.score)
opcBulk_12dpi_CKO_21724_tdTpositive	13.3003835181489	6.76011826340038	0	4.29578373624638	8.18475296934828	26.3362529529722	0.015	0.434471310429739	0.932911351647915	58.8772914401162
opcBulk_12dpi_CKO_21725_tdTpositive	13.5496866062118	2.93098845467362	0	1.97014354480859	11.4531434952778	22.2063068694782	0.0590000000000001	0.240403121979982	0.979143798927219	52.1102689704501
opcBulk_12dpi_CKO_22017_tdTpositive	14.1061270873212	6.52429978431673	0	3.11057783665734	13.259058171235	23.1454874140277	0.02	0.409825248238677	0.951376289013138	60.1455502935579
opcBulk_12dpi_CKO_22208_tdTpositive	14.3711308111148	6.29906303059762	0	2.35100753234726	12.7847643433646	23.0688934357516	0.03	0.324967863194754	0.968989146687943	58.8748591531759
opcBulk_12dpi_CKO_22210_tdTpositive	12.5893931300056	5.78967985357649	0	3.02318785809454	7.53356946857257	25.862503913056	0.027	0.342873413130412	0.958766516302105	54.7983342233051
opcBulk_12dpi_CKO_22363_tdTpositive	14.0832964851304	4.04408828121363	0	3.70981910248197	6.26252191243778	27.0848679465094	0.023	0.360987814002854	0.950097862058782	55.1845937277731
opcBulk_12dpi_CKO_22364_tdTpositive	15.9277582871493	8.68338374088998	0	3.16294333399379	8.26503622382226	24.9956351945821	0.02	0.40781044300884	0.951035343018269	61.0347567804375
opcBulk_12dpi_WT_22056_tdTpositive	17.1651527958666	4.33911411043852	0	7.38581899329949	6.44443665399496	24.6261884888617	0.004	0.689773074239375	0.818652361697206	59.9607110424613
opcBulk_12dpi_WT_22178_tdTpositive	16.1413780808135	5.57375906617096	0	5.96028179580712	8.35911097111296	27.4203453369834	0.00700000000000001	0.58978725005215	0.880762214180297	63.454875250888
opcBulk_12dpi_WT_22180_tdTpositive	14.796436529176	7.31928539236896	0	3.20295812591294	10.4639163894347	18.6162844299331	0.021	0.386551947953977	0.950083398589961	54.3988808668257
opcBulk_12dpi_WT_22280_tdTpositive	9.75033812738196	3.99477399053965	0	3.23813808178036	12.7321695914841	22.6984950897559	0.017	0.423219969438644	0.942656631000686	52.413914880942
opcBulk_12dpi_WT_22281_tdTpositive	16.1274362764641	6.15154580240491	0	4.02492170098691	10.623058625087	19.8859862653176	0.014	0.448230146344746	0.932003185188795	56.8129486702606
opcBulk_150dpi_Tumor_16713_tdTpositive	12.673753340263	1.67643003741907	0	5.0471044604371	0	46.1173212047807	0.014	0.4572508553687	0.92533328799165	65.5146090428998
opcBulk_150dpi_Tumor_16839_tdTpositive	15.0798369420529	0.304422341403631	0	0.116745385858713	0.513780401043093	27.9643373975214	0.00700000000000001	0.603489311409912	0.981931993691056	43.9791224678797
opcBulk_150dpi_Tumor_16840_tdTpositive	15.3856954230629	4.48069492367876	0	0.799812548077005	0	39.0986560954386	0.015	0.433407162167786	0.977803726446151	59.7648589902573
opcBulk_150dpi_Tumor_16844_tdTpositive	19.7126544505099	8.17906879406682	0.462335364569462	1.29051412018162	5.67500163887067	39.4906379063531	0.022	0.379791233747507	0.977634441377943	74.8102122745515
opcBulk_150dpi_Tumor_21256_tdTpositive	15.7880594220313	0.611910755243146	0	0.333772660119451	3.59410691196791	42.7039114539662	0.00800000000000001	0.569952965970114	0.980808558169296	63.031761203328
opcBulk_150dpi_Tumor_21349_tdTpositive	8.82871142342289	6.44738961552024	0	0.270765983672309	0.203292567106325	22.7814561318015	0.022	0.38220888986399	0.979355005768002	38.5316157215232
opcBulk_150dpi_Tumor_21354_tdTpositive	20.0458050040197	8.27325418935522	0	2.4422377128004	0.0270478227570705	33.0942429789774	0.022	0.377761615436529	0.963530719588487	63.8825877079099
opcBulk_150dpi_WT_21590_tdTpositive	9.94371874300563	4.16078284218038	0	2.6886780449353	8.79368359525444	25.9149303781621	0.027	0.342924804807423	0.960387673661759	51.5017936035378
opcBulk_150dpi_WT_21591_tdTpositive	13.7463325165711	2.32358772185993	0	2.27106119056877	3.47948779444053	26.3226683367421	0.07	0.217243683234049	0.978923934111422	48.1431375601824
opcBulk_150dpi_WT_21592_tdTpositive	14.4282241597801	0.937395497141319	0	1.81208136049307	5.3504058048322	25.2367171483835	0.078	0.205673955218223	0.982615330204185	47.7648239706302
opcBulk_150dpi_WT_21593_tdTpositive	14.6932060398703	6.91605264297619	0	3.72279659406059	2.55877818245997	32.0829083883412	0.022	0.378477573814612	0.949312936904548	59.9737418477082
opcBulk_150dpi_WT_22062_tdTpositive	10.4974000438781	6.77199825613542	0	2.18438300486717	5.47702560966028	25.9588019860535	0.0590000000000001	0.241056130266384	0.976746126889123	50.8896089005944
opcBulk_150dpi_WT_22064_tdTpositive	13.3773003716538	3.70157260539542	0	3.69608292308144	4.71238471353888	27.6292978904943	0.023	0.35452813895173	0.950115334096411	53.1166385041639
opcBulk_90dpi_CKO_20642_tdTpositive	13.3959904350894	3.66497062616132	0	4.12723156366442	9.54200125900715	26.6391846305386	0.021	0.400583316296376	0.940422499845344	57.3693785144609
opcBulk_90dpi_CKO_20647_tdTpositive	13.4815317791454	5.13645273704962	0	3.96428620568994	3.80642787710175	25.2633537217844	0.017	0.428389243206621	0.931799014392796	51.6520523207711
opcBulk_90dpi_CKO_22146_tdTpositive	10.4654267447482	4.8311081656735	0	2.30824025727758	10.906491102184	21.7944811358247	0.032	0.312869451212444	0.967454022595038	50.305747405708
opcBulk_90dpi_CKO_22149_tdTpositive	13.069991983856	3.15154660555229	0	3.35709338052935	6.77171925782526	27.5067075504439	0.021	0.388902139005436	0.947952583112532	53.8570587782067
opcBulk_90dpi_CKO_22152_tdTpositive	11.9161508459848	3.85785597599116	0	1.51561697310011	10.7163381207197	25.2618474090843	0.051	0.267595458518865	0.980143109740683	53.2678093248801
opcBulk_90dpi_CKO_22154_tdTpositive	12.6461129508442	1.728578490514	0	2.33881879929482	9.44291246556518	26.3114644742288	0.03	0.321843122394899	0.967347526180121	52.4678871804471
opcBulk_90dpi_CKO_22212_tdTpositive	12.9735516766284	7.14297081255914	0	1.63043650903264	7.81140198776334	26.9082643118123	0.04	0.286362336276543	0.977631243714598	56.4666252977958
opcBulk_90dpi_WT_22184_tdTpositive	12.3262250288036	3.95255474462461	0	3.08291297994477	5.87736786041166	29.1313189394355	0.031	0.320180241527556	0.961537335800975	54.3703795532201
opcBulk_90dpi_WT_22185_tdTpositive	11.2542116265519	6.08129646785947	0	3.60249032196888	5.25706162224354	28.9614104562676	0.028	0.3340135363798	0.955389863521467	55.1564704948914
opcBulk_90dpi_WT_22254_tdTpositive	13.2739222039134	4.03255143590371	0	2.68961074042282	4.72263934606582	27.5510697653051	0.039	0.28894080952656	0.968163654573672	52.2697934916109
opcBulk_90dpi_WT_22255_tdTpositive	13.1340275523522	3.54407250869508	0	2.62694822530755	7.74027900359744	27.2454909765874	0.046	0.271346225788987	0.971740763747996	54.2908182665397
opc12.01	10.5302006395488	39.6670299148862	0.0661772334943575	1.86938824607773	16.0343412834124	16.8772980333974	0.022	0.380516534025716	0.957772394925289	85.0444353508169
opc12.02	4.30167189463033	14.5083994321278	0.170950444994991	3.13099549381659	33.3834503255496	9.05173503516919	0.028	0.335444554115729	0.96150239419271	64.5472026262885
opc12.03	8.19735831928888	23.8237107450306	0.65548935779229	3.60368230286722	46.4779094530241	4.02902492047354	0.032	0.310548713697143	0.96677884675906	86.7871750984766
opc12.04	4.4903926788116	6.61824815171034	0.348688650757723	7.6377927925113	33.4349626364772	2.94798893478163	0.136	0.127025809583975	1.01173537224887	55.4780738450498
opc12.05	5.65692612997922	15.7549134922702	0	3.57044851921334	11.1807305425576	21.2324539217148	0.08	0.200628632253101	0.978155138841492	57.3954726057352
opc12.06	13.3964634606477	42.281993007847	0.697429666208114	1.97711449093039	27.4824416520357	2.69868264801118	0.106	0.157294219842876	0.986035237841318	88.5341249256801
opc12.07	3.84793014447946	5.95660513380153	0.0393711283440286	5.23853684078134	39.2808671721283	4.10941614353927	0.036	0.303755961399177	0.954186519421734	58.4727265630739
opc12.08	6.01671389778277	27.027586678568	0.367468396153998	0.214430383743779	20.2739990545882	3.58143022054611	0.07	0.217253005115809	0.979694737351016	57.4816286313828
opc12.09	4.33302750567976	50.0554306389727	1.97278094048091	11.251278388232	15.7094983695487	5.34992802663346	0.054	0.252087298489954	0.969064015799301	88.6719438695475
opc12.10	4.1110410908144	28.9043842461338	0.782796893383738	2.61662501160003	16.2509782975452	8.93209494869552	0.078	0.206581694044796	0.977851718575987	61.5979204881727
opc12.11	2.94434812181798	40.653838353187	0	0.472429467694496	15.3935186925655	10.2170819584098	0.143	0.116012669128787	0.991515782677437	69.6812165936749
opc12.12	2.4848142090931	40.1116549620447	0	4.32661135893845	9.91198176868765	19.3889672698415	0.0629999999999999	0.23224579359383	0.97160067576015	76.2240295686053
opc12.13	1.60996172074277	16.5812641530745	0	5.03756245030463	22.8409573477638	14.6334317199829	0.0600000000000001	0.236975616980043	0.969674393291019	60.7031773918686
opc12.14	2.6345636639335	7.04932508918171	0.156662031176006	1.06677797193789	36.0294921333255	0	0.0590000000000001	0.240964239516876	0.9822122079189	46.9368208895546
opc12.15	0.898169766437595	3.80052955344096	0	1.11983510994877	1.4739633619196	41.3719203891519	0.477	0.022252563820114	0.999254314183948	48.6644181808988
opc12.16	5.99974550176949	1.85923226261138	0.255709167562978	6.1915994093054	26.1566342332765	13.1714569949209	0.029	0.327430528718758	0.94382441139752	53.6343775694467
opc12.17	14.0270301740303	57.3111045896928	0	0.255378387153598	3.62393146761331	0.518187236248147	0.046	0.271674219891402	0.964985394133341	75.7356318547382
opc12.18	2.66530167772185	38.7372541904156	0.702896052089745	0.111417068059729	29.929764229604	5.34487210995473	0.339	0.0496976159018049	0.999292645353416	77.4915053278457
opc12.19	6.12679656890103	28.366184724193	0.748203878428469	5.50517657677804	20.8673840761185	1.73235199078176	0.052	0.263904860922509	0.962807872391301	63.3460978152009
opc12.20	5.83631605628785	19.7000844626084	1.00203293544588	64.6563308906169	2.42050082774317	3.65792998443977	0.005	0.6394442637186	1.24460248135973	97.2731951571419
opc12.21	10.1870010686157	10.2597685927864	0	1.71685141428425	17.0553716664801	8.63918292732214	0.099	0.162397159545673	0.986486987463671	47.8581756694886
opc12.22	2.70758590244461	42.6234357630669	0.509612946760647	8.0967572471164	14.1902981399874	3.05994521448261	0.00700000000000001	0.587918415138741	0.853549642741162	71.1876352138586
opc12.23	0	0.293321268596378	0	0	0	71.2030820342087	0.081	0.195810319450281	0.992112902134515	71.4964033028051
opc12.24	11.1290828989925	11.4257750490458	0	7.69752740888337	12.382924337007	14.0692437700744	0.083	0.190584771487921	0.990104150365237	56.704553464003
opc12.25	1.61593224559638	39.4755103047296	0	1.25613499241106	1.41133381856683	11.9048343763759	0.04	0.286834688982841	0.962330465139235	55.6637457376798
opc12.26	6.56463774277613	15.8036592473644	0.158375275527901	0.367780241331299	43.7196703911402	5.63813645528833	0.054	0.252262754393617	0.98394755724425	72.2522593534282
opc12.27	7.79815549245269	22.8801690561139	0	5.56457926687641	35.4514445637076	2.6304018605495	0.045	0.274425926111978	0.962612594111911	74.3247502397001
opc12.28	1.28404217731459	41.2194676776897	0	23.8497564035632	4.34816648333611	5.76316611937365	0.142	0.118180368056497	1.18477730633962	76.4645988612773
opc12.29	0	5.55487403955552	0	0.403335868028109	38.4911636964456	12.7709366122257	0.069	0.218497682750225	0.988651917117948	57.2203102162549
opc12.30	1.97759336132916	18.8475418116363	0	3.00835826368067	0.624927007236471	18.1425367263174	0.08	0.19934786600847	0.977816917841552	42.6009571702
opc12.31	50.9076343173828	23.062144474645	0	13.1810581356454	10.3901467537187	0.288297374961166	0.293	0.0620456576607321	1.03164220560092	97.8292810563531
opc12.32	38.4350522100328	26.2358713614892	0	14.0441347403466	2.75115431958212	4.71565383154735	0.21	0.0886636967515391	1.04200594233684	86.181866462998
opc12.33	10.2598567124931	9.9856871626515	0	1.10849159207216	50.4367742336955	5.1422679351198	0.087	0.184488062528323	0.988885770444265	76.933077636032
opc12.34	6.74395999502172	8.07189013227985	0	1.25308685582256	11.2430005879997	28.6924692586536	0.432	0.0295234550740802	0.998643427890594	56.0044068297775
opc12.35	0	0	0.347853578922115	4.218196567193	108.379916847327	2.96832648234128	0.324	0.0542512850244311	0.997794769170503	115.914293475783
opc12.36	1.81973677296606	6.73950207193298	0.043290777049732	43.7237753475611	1.75231594206446	2.27294996620587	0	0.905013079454255	1.07411480150084	56.3515708777802
opc12.37	9.39571527606704	4.7732716340166	0	2.8860914744037	58.8790938881535	0	0.294	0.0612858214807233	0.997073787370283	75.9341722726408
opc12.38	8.59145748432498	24.6037101066159	0	0.928725481644553	47.2483071836658	4.41284036250295	0.211	0.0879505093796002	0.994275049257751	85.7850406187542
opc12.39	20.1288691400602	16.0181098226004	0.364003215573181	0.0575473834280867	1.47708101783815	3.56270832854434	0.256	0.0699578601079876	0.995966228468379	41.6083189080443
opc12.40	17.2481165287411	8.73916992640524	0.998107743623058	1.21319891057474	37.7754968918564	2.4960210353154	0.111	0.148894697381096	0.990872441521985	68.470111036516
opc12.41	8.63434765510575	25.2630195781386	0	0.447296229016877	6.42952083449853	2.21387034605424	0.082	0.192991542372138	0.980593292721218	42.988054642814
opc12.42	4.08336355516046	13.904844714417	0	18.4669621150838	1.81299140175851	18.4037069890578	0.045	0.273754625001184	1.09289039077609	56.6718687754777
opc12.43	2.97042292247887	59.113687058322	0.841686630242777	6.6139375804227	12.8551083529205	4.0236383675991	0.0639999999999999	0.226920200320327	0.971890215345866	86.4184809119859
opc12.44	18.0889542239374	24.8315680171861	0.240765423608059	4.56700612645162	16.8560727839862	2.41353696686508	0.341	0.0489506694895363	1.00621698221781	66.9979035420344
opc12.45	1.69467713509385	33.2290094937506	0	17.9981557786165	17.150550371369	8.07762184318847	0.098	0.163788178001761	1.06418379635987	78.1500146220184
opc12.46	0	0	9.62480655240075	0	12.3761920911368	5.49859892844745	0.239	0.0784055248376671	0.995479871614693	27.499597571985
opc12.47	8.53899998490798	59.095007467559	0	0.0349298819774475	0.851091852874957	2.2154128714786	0.142	0.118561602044734	0.993835319940147	70.735442058798
opc12.48	4.59974859367045	17.7274451528547	1.19064321756442	25.0526199582018	2.10346994506419	3.30386647581862	0.001	0.745146150201129	0.770999146757332	53.9777933431742
opc12.49	4.9129754342228	4.57936857429004	0	4.39074129899782	9.6214550336418	31.0416674010271	0.074	0.213488972007533	0.97499082660908	54.5462077421795
opc12.50	4.29054037522113	2.73719219651924	0	4.16778220723293	1.03407211087339	49.4531252836816	0.1	0.160099477956938	0.985240322628076	61.6827121735283
opc12.51	6.31554138127074	4.21741537701072	0	11.0354710298784	6.14928840281044	29.7575711120197	0.014	0.445801974225712	0.893480111798385	57.47528730299
opc12.52	17.6610626649606	18.157215688072	0.177817289882209	1.23743640587366	24.0701168746234	5.20768243237219	0.0679999999999999	0.220810542083029	0.983194181350951	66.5113313557841
opc12.53	8.08074894147072	28.5782133827783	0.481837842916001	1.25206694114996	39.5156483974499	2.89145896579072	0.076	0.210305454073729	0.982369210057927	80.7999744715556
opc12.54	8.97397367332058	29.2796977474478	0.582190027172164	6.74075632447196	16.0927369541593	1.818518617242	0.024	0.350943387139243	0.936996387970496	63.4878733438138
opc12.55	0.321906179539832	8.4078352363748	0	0.792788506909109	34.3236619847265	21.5746563756236	0.044	0.276622882994163	0.984322314195619	65.4208482831739
opc12.56	5.73875272148133	1.35912214099233	0	6.11869718539613	1.45298191116898	49.7360460271459	0.052	0.262659992177318	0.963170201743972	64.4055999861847
opc12.57	0	1.5647884375422	0	2.08829788269821	38.6822243940535	8.46266773648071	0.083	0.19031070861914	0.983155972326412	50.7979784507747
opc12.58	8.82613608420938	28.0946015994411	0	3.32243897887106	29.9033425328286	1.33056953361869	0.136	0.127473193777295	0.989973243638474	71.4770887289689
opc12.59	10.6144759238016	30.47341727562	0.379120668051193	3.82246308656876	26.3868577145401	2.43132089988486	0.047	0.270258303811182	0.967107772051567	74.1076555684665
opc12.60	0	9.53514200198806	0	3.76846884783882	0.392198754721683	47.7223878757731	0.29	0.0630279359260553	1.00097213657231	61.4181974803216
opc12.61	3.0508148870417	17.1347663286954	0.406466194715895	5.38893129812298	17.4017478903556	7.94090607573164	0.025	0.348341558644503	0.938660126645234	51.3236326746633
opc12.62	6.75050519561397	6.70385618807592	0	18.7066625813701	15.307951315429	9.34138062449868	0.0649999999999999	0.226030088285192	1.12974817941098	56.8103559049877
opc12.63	0.781383910714293	13.911102956076	0	2.78581414134559	16.2794802051293	27.8699890882161	0.493	0.0199764088721614	1.00360618112209	61.6277703014813
opc12.64	7.42275009448286	61.6999317505736	0	2.49837115241182	18.7465635441584	8.10354529899833	0.112	0.147500505372652	0.987055019799694	98.471161840625
opc12.65	7.14737722523624	27.4985660275362	0.302257266658523	0.909796138323126	10.8109731051475	2.70719071578579	0.022	0.372539735452113	0.954988175071678	49.3761604786874
opc12.66	3.41688635886066	12.931184436428	0.367679436735216	2.24523250192753	48.2444370171109	6.59051055144564	0.088	0.181840035016324	0.985429928683331	73.795930302508
opc12.67	8.95485257242946	20.2355418208189	0.0159798481223359	1.36497560502937	44.7767946909148	6.17136310893463	0.078	0.206820833637139	0.984864150210708	81.5195076462495
opc12.68	11.1394744209292	108.703898328665	2.01332249746983	10.3642764967223	4.4377525350408	6.40112757127822	0.082	0.193033227618211	0.980593381742339	143.059851850105
opc12.69	5.5258006827796	72.4069699240027	1.97240699691073	1.67042246272801	4.29090283698227	7.74544423935451	0.658	-0.00372345826697627	1.01569629432535	93.6119471427578
opc12.70	3.02342016899871	24.8803073647244	0	0.85804033662794	30.5359615667305	17.1416326112219	0.143	0.117307480044238	0.991669565232706	76.4393620483034
opc12.71	21.1419634365412	4.50875689471441	0.0212871145966448	10.9665857837387	52.2041879073655	0	0.138	0.123065459519642	1.00613919839852	88.8427811369564
opc12.72	12.2146418335846	11.1402976726482	0	2.58240179175367	42.8607715939118	13.5765836475254	0.111	0.148420482188228	0.988821093374931	82.3746965394236
opc12.73	1.05855703221428	47.1225991154538	0	11.1658962137163	0.197213099055009	9.78182908180906	0.1	0.160481345565909	1.01896449334223	69.3260945422485
opc12.74	2.79342583787271	18.2535468330258	0.420605057444548	7.32883197572855	15.9749429313251	8.38089915840863	0.036	0.300542137032695	0.952688072563682	53.1522517938053
opc12.75	3.50559343041277	14.8744259486559	0	12.0471450899021	5.31254666624351	8.99156376630251	0.011	0.483736751592185	0.891144945859428	44.7312749015168
opc12.76	2.97239600658715	20.3421755215443	0	0.399928330659864	32.8262676124933	1.73849680837689	0.022	0.378052182926352	0.967559949647681	58.2792642796616
opc12.77	6.45580212366738	45.1281562743801	1.77774378780139	37.6661422960675	3.65465157369468	5.73119961872453	0.00700000000000001	0.595583030141001	0.864647390649721	100.413695674336
opc12.78	4.18607546146219	20.963394599842	0.819082024097096	0.60022810655542	39.49445371243	1.95490140413434	0.127	0.133713398796837	0.990415603542342	68.018135308521
opc12.79	51.8755739522597	8.51982292245144	0.00637445994039058	0	32.1620018526212	9.6902906693493	0.0620000000000001	0.234710702454776	0.991194737980607	102.254063856622
opc12.80	4.92541315429688	20.8614578902272	0	2.21023251296464	14.7960760460009	28.8470391742491	0.251	0.0709009015911225	0.996161461812549	71.6402187777387
opc12.81	6.07399213832023	52.4478492790597	0	15.2011363435584	7.33371104620912	8.71748655123939	0.087	0.185338819610956	1.01126403077752	89.7741753583868
opc12.82	2.61664079776729	29.1751405098641	0	7.41944747020212	3.52985076075992	10.2440154703992	0.087	0.186667621329772	0.996187652877515	52.9850950089926
opc12.83	3.29464308396595	8.12200078605955	0	27.331901829185	2.07598056354581	0	0	0.864953564363	0.916470061726962	40.8245262627563
opc12.84	4.12452950021442	18.0298105852421	0.871639999364465	0.961307063452939	39.2988225000219	3.40665491181649	0.031	0.316753057068989	0.975574568400922	66.6927645601124
opc12.85	0	22.505741322651	0	1.07322771543048	34.5620472013911	0.809133335952681	0.112	0.14778448038084	0.987944402104459	58.9501495754253
opc12.86	2.50891495765593	19.3421271642984	0	1.49452101103155	36.0024810420885	19.9067547131382	0.12	0.143645169644072	0.989746615512651	79.2547988882126
opc12.87	1.14716416468187	0	0	3.88328786353734	0.463176775918573	46.2615968207927	0.044	0.275988581617192	0.962854549502678	51.7552256249305
opc12.88	6.83701620145546	7.86071302371125	0	6.6919819875446	16.1522497309451	8.22306939179306	0.031	0.315742277394814	0.947717989615142	45.7650303354495
opc12.89	1.42715868076885	36.0513114318926	0	12.4875611790232	0.725580148856646	13.796667439407	0.174	0.104906608798987	1.06394602673325	64.4882788799482
opc12.90	12.2598434043516	23.7506236924164	0	16.3654862804348	1.19236479033284	30.4727317276655	0.281	0.0649164281985589	1.07876753010768	84.041049895201
opc12.91	6.62514715519739	131.162029708571	0	0.334061536293859	3.55002005238457	0.891350372110162	0.032	0.312872940243909	0.952776620831213	142.562608824557
opc12.92	4.9072529283528	8.02651714363544	0	3.80344296672375	43.0503289463415	2.21667937439931	0.162	0.108932554658483	0.993178759982239	62.0042213594528
opc12.93	4.02915542223304	64.3330438393524	0.100474818913225	1.86795098330846	0.0876491431552611	0.379089165106435	0.04	0.284665293745626	0.958615246533073	70.7973633720688
opc12.94	1.45076642022159	0.88841259403636	0.0222980283422327	23.2546831267657	1.28187260443489	9.41058341886717	0.204	0.090336081694527	1.77352039830313	36.308616192668
opc12.95	0.367763111257415	0	0	18.3822318047174	0	12.5388058839281	0.513	0.0175709678992843	1.73040947798739	31.2888007999028
opc12.96	14.8650292852275	37.3736795470838	0.647875790851739	1.54476283924375	16.3952596627484	8.54685663042997	0.106	0.153925627927878	0.986616300387883	79.3734637555852
control.01	4.7621099948402	10.9416465685119	0.189515397452967	1.74124400845818	32.7691035511098	16.7232275864347	0.138	0.122691546161153	0.99142552670626	67.1268471068077
control.02	7.37824359657413	20.872333450452	0	7.63059647433313	14.1167695013018	27.9581296326085	0.0629999999999999	0.232063915238024	0.970731494435446	77.9560726552696
control.03	1.47978754030351	21.3479378695253	0.668520246044694	1.52853936325416	37.4349940545636	3.75068872776271	0.098	0.164725321611311	0.986492506131511	66.210467801454
control.04	10.3720951712529	31.9968340409408	0.319074946483817	8.56569934552357	17.3226263870615	15.9827424925432	0.081	0.19730739438923	0.980370343264573	84.5590723838057
control.05	10.1039867124406	4.42021970562147	0	4.94558259125664	46.480444006555	11.3776706729129	0.079	0.204936795213042	0.977821795421816	77.3279036887866
control.06	4.47021930848078	8.70548380534378	0.579223018291293	5.35587682189936	49.1220550208482	2.96177372372444	0.0610000000000001	0.235996171620109	0.97086182072488	71.1946316985878
control.07	7.98363474180887	27.7843461345743	2.33304592858458	5.09589964455994	36.0054368628863	5.67890676860913	0.053	0.254063246338686	0.969051664295636	84.8812700810231
control.08	2.18292601524084	15.008115450905	0	5.12973066228796	23.1407352716721	34.7462649512141	0.092	0.173939917751548	0.982756750596471	80.2077723513199
control.09	4.28744499226848	6.65682954194321	0.019063712587043	2.71210122821935	38.3385024660645	24.1661712558451	0.096	0.168374512055567	0.98647397364747	76.1801131969277
control.10	5.08766998231643	13.77372752353	0	1.67660129312677	37.7033228622808	1.63771483969883	0.088	0.181953443954652	0.985301423158968	59.8790365009528
control.11	4.1004232020612	14.5941347995276	0	3.15071970439917	18.5826958460985	14.9514944578944	0.136	0.127699450418725	0.990143664916524	55.3794680099808
control.12	22.7730009996048	0.359773410724087	0	18.2633463835235	2.86815736488351	38.2409621585297	0.0590000000000001	0.241188151768047	1.01391506162083	82.5052403172656
control.13	1.17017833151547	17.5121490793343	0	2.99311551844482	39.2346927739339	17.2990831960558	0.074	0.213545405728059	0.980175264421672	78.2092188992844
control.14	0.385049995475462	0	0	0.343785424273229	21.5413256490089	20.2853962625629	0.08	0.202084942119332	0.991059881823903	42.5555573313205
control.15	3.70679638259201	18.5995535070853	0.399401258554187	3.8833378631858	21.7807749263048	6.80224218715953	0.033	0.308318449113912	0.956492266704543	55.1721061248816
control.16	27.1776198085774	0	0.953476247433349	0.304933371248759	18.3523171567574	6.37948331235865	0.19	0.0968534138238102	0.995959357268526	53.1678298963756
control.17	10.6462292676628	33.3332571878477	0	4.3106491298261	13.5246457539623	26.151108790592	0.413	0.0345879372965935	1.00414037951321	87.9658901298909
control.18	1.55014929388608	12.2730465993897	0.374389492433579	1.02507259187461	48.984191404435	5.74935359321708	0.092	0.172959097218613	0.988650005666138	69.956202975236
control.19	1.02548918302055	6.65259655972132	0	9.64023002921028	13.302010648888	15.5093567048266	0.051	0.268019904665654	0.99168763419382	46.1296831256667
control.20	0	23.7174865189247	0	9.79223354666366	8.47679924972284	30.7824079607378	0.024	0.35310214991764	0.933563120966251	72.768927276049
control.21	5.53582483239573	55.8751110827707	1.07105013914111	13.8950940860195	2.23520753058315	11.9774516004947	0.036	0.302141820677294	0.956099734016089	90.5897392714049
control.22	16.8683327127244	20.4089042777935	0.108266674109638	15.081680507158	32.4174410935346	4.42241636911465	0.127	0.133619465764331	1.0277343178286	89.3070416344348
control.23	32.7828214723519	5.91100394544334	0	2.99097598460765	23.2284347711081	7.60634087432864	0.26	0.0690689035050384	0.996390312880078	72.5195770478396
control.24	4.16076254394458	38.9880023647214	0.704968147692264	8.04252557693365	18.4216831316137	6.30790860683732	0.249	0.0715023210134427	1.01707586043197	76.6258503717429
control.25	7.17941911248249	9.0395459198131	0	1.99744196060437	44.6690423700056	29.808934295591	0.137	0.124311397556733	0.99209124860331	92.6943836584966
control.26	6.98227335615531	25.3307768031199	0	1.52623122522675	7.80837594197205	65.6381142306535	0.121	0.142918623705963	0.990300599974361	107.285771557127
control.27	3.80129557890351	21.297557508374	0.31276754855927	1.89154487298042	16.260557376862	17.8063048111439	0.137	0.123389216182507	0.990407571849954	61.3700276968231
control.28	10.6337949696392	24.5746474403179	0	1.91920223229844	15.0081033945948	27.3429363614329	0.106	0.154659339685206	0.987674897377426	79.4786843982832
control.29	3.54496417603857	30.2302435551166	0	4.41026182270705	9.1194276149516	14.7272813632918	0.094	0.170971758315879	0.983851225257229	62.0321785321056
control.30	3.28722685400688	1.06333730766199	0.476485772225373	8.17441338936833	47.1924656401563	1.23892379405802	0.023	0.356744075383116	0.932638616509705	61.4328527574769
control.31	0	0	0	3.1031780790997	33.3716745094947	32.4345018255375	0.096	0.168839712720713	0.985128148088018	68.9093544141319
control.32	37.0922376505508	3.03838247597813	1.85651430883959	3.34234904304387	21.2327374865334	2.38949727714168	0.399	0.0363677778222914	1.00097738169072	68.9517182420875
control.33	9.71258859229583	25.0873606224282	0.936136155711809	17.9202994741075	2.05815537798494	6.493255146801	0.088	0.182829658698627	1.11193872163632	62.2077953693293
control.34	0.837274811236504	7.13882337402867	0.86034506139848	0	36.1937024410302	1.87545853204711	0.095	0.169711705088984	0.990154510233995	46.9056042197409
control.35	12.4286844895012	5.48006453531311	2.41408748667702	6.43271378715213	46.4609716880864	9.50636983027344	0.083	0.18906752578676	0.979940512815468	82.7228918170033
control.36	16.6366603136868	15.4772161807094	0	7.27818617289722	15.7858466116405	21.3896301033957	0.032	0.309360611826049	0.951517025659133	76.5675393823296
control.37	4.06042058306971	28.4526495824209	0.212374889866983	8.46586439767047	17.8879707956511	11.6334649573315	0.022	0.36970696641795	0.929148014214458	70.7127452060107
control.38	17.6286095998548	18.8952323584723	1.44399721272169	0.347963754593766	14.5672524513912	4.81548716852381	0.132	0.130888659914983	0.990765843859223	57.6985425455576
control.39	9.05029878370459	11.224721373738	0	2.22262240192258	16.2669966783802	17.3367063667954	0.109	0.14965143864175	0.987526415006665	56.1013456045408
control.40	8.98764319256142	0.488307456210236	0	9.99293813843743	25.0484270204853	40.8035674346423	0.0629999999999999	0.232680257787321	0.972125758298403	85.3208832423367
sample.01	7.20317159423226	0	0.465733062547556	71.0343151619387	0.528640128117397	1.30408810310412	0.01	0.511220788662348	1.84702352661812	80.5359480499401
sample.02	3.72663627750945	27.5088042620828	0.114480327418275	0.674614845484325	13.7133758925885	11.7827836226571	0.00800000000000001	0.57000624159043	0.935753741093545	57.5206952277405
sample.03	8.01116513309773	11.2960341816261	0.322576365440733	11.2844737886566	21.0780356515331	2.34444467582734	0.00900000000000001	0.530012865470469	0.846375520667741	54.3367297961817
sample.04	0	4.02150725431438	0	13.264363656296	12.4838897546758	28.2955848674665	0.00900000000000001	0.542498833548619	0.838361969142646	58.0653455327527
sample.05	12.7573438846488	9.78882389433737	0.644966533123281	4.3413246663818	31.7964219409899	1.85964295704949	0.08	0.19949434035978	0.978082417594251	61.1885238765306
sample.06	7.65880613227643	28.4090244778779	0	28.6163255334783	7.88965646268885	3.93486250654348	0.00900000000000001	0.518280499914442	0.940853650672197	76.5086751128649
sample.07	15.2154275161268	69.6593212289399	0.384220551505304	2.96722662659602	1.49374065941457	3.84211138019804	0.011	0.495684894080256	0.918690648052428	93.5620479627806
sample.08	7.42545081951426	42.4495043471295	0	4.31736872153054	11.7109120300853	24.3049407453345	0.022	0.377916991173447	0.948516481582633	90.2081766635941
sample.09	26.4764473817503	0	35.6283136726058	8.04067979491174	1.68751150102971	4.4006404938588	0.0639999999999999	0.229794416612982	0.971705848667602	76.2335928441563
sample.10	9.54013086254943	10.6485582138552	0.237561650722933	4.71821200645391	31.6118243479383	12.6155318309033	0.0570000000000001	0.248865310611138	0.969537721240866	69.3718189124231
sample.11	7.83184697673415	5.81396708749839	0.921244957166919	3.11771518172351	31.3168180569144	3.24305514264962	0.08	0.204300050842828	0.978361663023641	52.244647402687
sample.12	2.5066121297633	11.6464095919707	0.0980848654991872	1.94861852897556	37.2343181173486	1.0404762033761	0.072	0.215326557196697	0.980535564133761	54.4745194369335
sample.13	5.56297718099657	0.467649322527761	0	5.45203695109563	12.1728892397863	36.6229808018646	0.173	0.105078599976195	0.999754162052479	60.2785334962708
sample.14	5.34940448938902	33.4458618742232	0	14.5248875178367	4.99113297291806	21.199066958836	0.00900000000000001	0.525617197795937	0.851577639319902	79.5103538132029
sample.15	4.13861740021323	4.19508644610562	0	24.1433869088461	17.9712980640324	20.5385973470762	0.001	0.764093860939355	0.647542707148756	70.9869861662736
sample.16	0.885093799110844	90.2456158580973	0	1.47238095945264	0.0595836200577805	1.75399046191199	0.017	0.42370900778112	0.925070251794462	94.4166646986306
sample.17	5.89899784681988	13.6997058243457	0	3.63997830201983	5.21386651028378	22.1034877844264	0.078	0.206586998176955	0.976492438079816	50.5560362678956
sample.18	1.06937146668398	35.0622260722193	0.218380440112905	19.1981242154488	1.32546928074564	14.0720535994193	0.00700000000000001	0.588704323687011	0.810830738691292	70.94562507463
sample.19	7.35688317829258	5.6743664801085	0	22.8117946390208	0	46.6686828176179	0.00800000000000001	0.582879815684807	0.816362825341365	82.5117271150398
sample.20	16.4648515762366	28.3529070131577	0	13.0911751689464	18.1291368789215	13.9724366719273	0.045	0.27345947269906	0.963786640595807	90.0105073091895
sample.21	22.8260715805694	17.9176643447967	2.09074251095002	16.9484772476345	4.72840339990821	6.32982185846427	0.01	0.506705509302808	0.863806845042584	70.8411809423231
sample.22	6.31683057779888	8.33907570030325	24.4025026785253	4.60968198404882	11.5727244505309	34.2190495814553	0.081	0.196549041721082	0.980307624870775	89.4598649726625
sample.23	6.59062304833327	49.4737281700774	0.445638850994037	3.25061822190441	1.76184139438355	15.8685585984139	0.083	0.189861971198063	0.97972123330296	77.3910082841065
sample.24	10.1472711437896	14.275949134072	0.639189600578436	0.669747675706502	33.0730708969734	2.30224019813913	0.148	0.113780958056902	0.992652418484034	61.1074686492591
sample.25	3.41291986819015	23.2097058771472	0	49.4636542152341	2.50360774490894	9.41537022926031	0.00800000000000001	0.543224142364101	1.17723639681865	88.0052579347407
sample.26	4.51942703929397	23.8305292685981	0	6.51050232842346	33.117364072326	13.8629378582323	0.127	0.133832620323898	0.991600971624425	81.8407605668738
sample.27	6.88108509620151	27.0898592397651	0.113101695607981	5.2380449673189	2.53252905385339	11.0226454121926	0.031	0.320251140165921	0.946522626644831	52.8772654649394
sample.28	10.2163571225286	13.3724618775862	0	1.30129944480088	18.4677235449182	22.0584348563446	0.088	0.182658329749908	0.987279656933188	65.4162768461785
sample.29	19.752104208234	0	0	0.0555188262540663	33.725559312312	16.7141545508606	0.0669999999999999	0.221556372209941	0.992345502981677	70.2473368976606
sample.30	12.1814438707144	9.28157932640299	0	0.09897058518206	9.84803981333092	34.9953590489753	0.127	0.134098779204896	0.993487621816589	66.4053926446057
sample.31	11.4727608211623	0.460250454037338	0	2.35443336203268	36.0305079745382	19.2320049655231	0.112	0.147908467945862	0.988916443093567	69.5499575772937
sample.32	7.83047611705394	19.2054024051548	0	12.6665565888886	21.1864278156981	19.9232730394114	0.00800000000000001	0.547121728625159	0.850231010581787	80.8121359662068
sample.33	16.4804197996296	8.25074672798676	0.243322260206841	2.20249425186997	25.1320117806401	7.83860713931986	0.082	0.193024272831971	0.983809767515687	60.1476019596532
sample.34	1.61938742361227	12.950076503745	0	1.26432376835646	29.3379405366047	6.83844730183318	0.091	0.178051341773684	0.986001457521169	52.0101755341515
sample.35	10.2530575973408	19.1514159288058	0.350908384668538	11.6374633495675	23.382855166873	10.275424928279	0.00700000000000001	0.589893577468924	0.831694356937725	75.0511253555347
sample.36	32.0432874408777	2.08691732541003	0	9.20449116689141	0.0353804218595969	32.1233306847047	0.0629999999999999	0.230827603929009	0.973400841802186	75.4934070397434
sample.37	4.85908691697442	19.9157727353554	0	30.0058084138054	7.99001448564593	26.5764285764238	0.028	0.333720364474182	1.05909701798941	89.3471111282049
sample.38	10.3377825324038	30.6437206750551	0.0614178568643184	1.20491015887874	3.11682460391461	1.92614940570986	0.00900000000000001	0.525701689044411	0.922453420455265	47.2908052328265
sample.39	64.1815341308082	0	0.113740239148153	0.857345503394556	6.0952237578604	20.3579222820392	0.803	-0.0190485666814007	0.999669969901356	91.6057659132506
sample.40	16.6979604610648	20.0462738579296	2.35811673640479	15.4056459310564	0.611352196557371	9.37158011955588	0.004	0.71123518653964	0.712476714443006	64.490929302569
sample.41	3.43281712250151	0.683975627321968	0.358454854939175	2.55704321215639	52.6487252261109	6.12502191626549	0.056	0.249815018671569	0.977302786453171	65.8060379592954
sample.42	14.6559435011802	33.8841853306603	0.776559172248926	1.22007892423397	13.7671443552817	3.35289692660106	0.039	0.287953812259821	0.969199464996192	67.6568082102061
sample.43	11.4392133595104	18.9327174249174	0	9.40039934077397	2.03307625921839	53.2094556443776	0.0580000000000001	0.243678186249779	0.967786876400103	95.0148620287977
sample.44	4.56853502601136	0	0	0.90539283571334	18.212400886142	27.4469543268057	0.0629999999999999	0.232694185166895	0.987046707815838	51.1332830746725
sample.45	7.98511836841082	16.2449614973164	0.20090211332975	0.702387524090814	29.5950150654754	10.933810194133	0.099	0.162325288814648	0.98913700331854	65.6621947627562
sample.46	8.22539852950593	31.4634103695495	0.469511618349401	0.491199793062747	38.740745459187	15.7115064324918	0.0629999999999999	0.23215690515593	0.982048247390755	95.1017722021463
sample.47	3.83110203751238	19.5125225364906	0	2.85237026530517	14.3512191687928	11.057177581813	0.053	0.256082416871569	0.969029345450081	51.6043915899139
sample.48	24.7890091483012	11.632649270554	0.350485499597058	17.1337088510454	3.18658189076408	14.075629307835	0.027	0.343204743124084	0.968552137698523	71.1680639680967
sample.49	6.00580602818357	15.0670915310323	0.410370584986809	0.304761159788474	16.7632515233006	2.56038151903981	0.09	0.179406860522104	0.985749574229152	41.1116623463315
sample.50	12.3074157575241	20.4415439173591	3.70460732221483	11.7850083159573	2.0944389602256	5.43878981036559	0.014	0.450498282535622	0.893607929879489	55.7718040836466
sample.51	6.43588429148299	0.666297457530851	0	81.0614090157706	0	10.5493171603189	0	0.879806524504339	1.21834489340523	98.7129079251034
sample.52	16.1018035362593	50.0113850936429	0.701984815993284	1.68335522308831	0.662361482482549	0.263564752600081	0.052	0.264308451751694	0.966208697213549	69.4244549040664
sample.53	1.97092074079687	14.6283538874766	0.780302631349425	37.5638092865216	0.277528078489859	38.2462318333663	0.001	0.753738596988987	0.695203667806426	93.4671464580007
sample.54	5.56037034562358	0.459214310863771	0.0834505378824777	0.663307798587341	60.5104988951019	15.5876384266033	0.075	0.211788023506523	0.989667872712908	82.8644803146623
sample.55	4.78597055384587	21.3356541891335	0	1.45685316814812	4.96305267311277	26.9792553640052	0.162	0.108847107530227	0.992100100763388	59.5207859482455
sample.56	4.52943484506935	0	0	4.42665152557248	6.06309834915255	35.9342085839339	0.081	0.197209545305325	0.978594844349848	50.9533933037282
