Mixture	Astrocyte	Endothelial	Microglia	MO	Neuron	OPC	P-value	Correlation	RMSE	Absolute score (sig.score)
opcBulk_12dpi_CKO_21724_tdTpositive	2.27086784631524	0	0	0	0.682021255626354	5.66969081489424	0.014	0.338035523638317	0.940081853326272	8.62257991683583
opcBulk_12dpi_CKO_21725_tdTpositive	2.19142898578292	0	0	0	1.30589190936448	3.84338513873895	0.055	0.194561361563421	0.98013169795256	7.34070603388636
opcBulk_12dpi_CKO_22017_tdTpositive	1.8218739906481	0	0	0	1.50729585396236	5.32285179007422	0.016	0.318911323939308	0.94674832202175	8.65202163468468
opcBulk_12dpi_CKO_22208_tdTpositive	2.02164297453186	0	0	0	1.52090604259026	4.64561859719578	0.035	0.246373029878958	0.967468874694869	8.18816761431789
opcBulk_12dpi_CKO_22210_tdTpositive	1.7984076772004	0	0	0	1.45620194617924	4.68364329065337	0.026	0.280840226228718	0.958028118183603	7.93825291403301
opcBulk_12dpi_CKO_22363_tdTpositive	1.99460601082478	0	0	0	1.04822754366555	4.75216789829193	0.022	0.292689853721361	0.954514136426713	7.79500145278226
opcBulk_12dpi_CKO_22364_tdTpositive	2.02258669179691	0	0	0	1.02676519538647	5.14837357867723	0.016	0.322405480473376	0.945471949414612	8.19772546586061
opcBulk_12dpi_WT_22056_tdTpositive	1.93692682435571	0	0	0	1.17824926731856	5.55921915597591	0	0.54593542459501	0.873567149112703	8.67439524765017
opcBulk_12dpi_WT_22178_tdTpositive	2.39335250417007	0	0	0	1.09517065464974	5.7835750573153	0.003	0.456707290435548	0.904331154877116	9.27209821613511
opcBulk_12dpi_WT_22180_tdTpositive	1.73263848525176	0.0999060869213552	0	0	1.11637925843422	4.90147134915718	0.021	0.30395603645099	0.951063717571344	7.85039517976452
opcBulk_12dpi_WT_22280_tdTpositive	1.32644730856178	0	0	0	1.70601213268241	4.94636736912124	0.02	0.304565419932319	0.950923938646382	7.97882681036544
opcBulk_12dpi_WT_22281_tdTpositive	1.90358180693825	0	0	0	1.12836350382197	5.58933166357273	0.015	0.33088871876301	0.94250257049209	8.62127697433295
opcBulk_150dpi_Tumor_16713_tdTpositive	1.87231488229254	0	0	0	0	11.5485396456533	0.092	0.135286514319866	1.02177205979882	13.4208545279458
opcBulk_150dpi_Tumor_16839_tdTpositive	2.59979098874001	0	0	0	0.373203663782329	5.71939154564528	0.369	0.0318599361145005	1.03301493081547	8.69238619816761
opcBulk_150dpi_Tumor_16840_tdTpositive	2.09004262936577	0.00530715134970469	0.0850455212128157	0	0.641417561007288	4.52288652034596	0.144	0.0989805927566734	1.00974806431777	7.34469938328154
opcBulk_150dpi_Tumor_16844_tdTpositive	2.91707944526672	0.0252255123585144	0.199849133911177	0	1.66605410182221	6.84289194894982	0.139	0.103581326005443	1.00628423485483	11.6511001423084
opcBulk_150dpi_Tumor_21256_tdTpositive	3.90809497221576	0.0326351505615503	0	0	1.26902863918505	7.85635545819563	0.277	0.0509181541269886	1.02154590744322	13.066114220158
opcBulk_150dpi_Tumor_21349_tdTpositive	2.25948255591119	0.0676948317377978	0.136444833516411	0	0.0927195304383229	2.846509105912	0.286	0.0478193371081543	1.01547308776185	5.40285085751573
opcBulk_150dpi_Tumor_21354_tdTpositive	3.61649819850834	0.0188697593609639	0.340003321342253	0	0.142441567971827	5.33339801834143	0.0629999999999999	0.184343987038948	0.98378461392056	9.45121086552482
opcBulk_150dpi_WT_21590_tdTpositive	1.79726393057103	0	0	0	1.27766494642569	4.62894603248013	0.037	0.239770752937534	0.969628905087797	7.70387490947685
opcBulk_150dpi_WT_21591_tdTpositive	1.81329400495538	0	0	0	0.753914961262387	4.85797604787725	0.051	0.199988058479077	0.982893504193284	7.42518501409501
opcBulk_150dpi_WT_21592_tdTpositive	1.80717832594641	0	0	0	1.40022379376306	4.19805506365866	0.081	0.149121859602447	0.993067003044176	7.40545718336813
opcBulk_150dpi_WT_21593_tdTpositive	2.31139288327388	0	0	0	1.08727513330283	4.88177427654432	0.017	0.307935785356961	0.95041598199437	8.28044229312103
opcBulk_150dpi_WT_22062_tdTpositive	1.83949938665412	0	0	0	1.28492308559243	3.93597636468915	0.055	0.195380410095849	0.980712858672755	7.0603988369357
opcBulk_150dpi_WT_22064_tdTpositive	2.24781132900323	0	0	0	0.941393276319154	4.5723180511205	0.026	0.277335202201499	0.959019094427521	7.76152265644288
opcBulk_90dpi_CKO_20642_tdTpositive	1.68777497201403	0	0	0	1.52942931730146	5.51691111577156	0.02	0.304983906315851	0.950687453721067	8.73411540508705
opcBulk_90dpi_CKO_20647_tdTpositive	1.6037564540428	0	0	0	1.24287989165099	4.80047471074451	0.016	0.319343056988369	0.946398596192709	7.64711105643829
opcBulk_90dpi_CKO_22146_tdTpositive	1.72295772581487	0	0	0	1.32375199109181	4.61879741325434	0.039	0.229089684904811	0.972671358507969	7.66550713016101
opcBulk_90dpi_CKO_22149_tdTpositive	1.99898232206454	0.042601417920699	0	0	1.2900142904758	5.36502575948335	0.026	0.278859803559151	0.958522622096052	8.69662378994439
opcBulk_90dpi_CKO_22152_tdTpositive	2.19212175034028	0	0	0	1.44742486847751	3.9204100995665	0.0629999999999999	0.185019268516065	0.982330958753722	7.55995671838428
opcBulk_90dpi_CKO_22154_tdTpositive	1.97751565074342	0	0	0	1.13833363469554	5.07407380565328	0.038	0.231918367623299	0.972237523314035	8.18992309109224
opcBulk_90dpi_CKO_22212_tdTpositive	2.11746937724327	0	0	0	1.56455455799263	4.83036547122682	0.076	0.156660399813781	0.991132086095293	8.51238940646272
opcBulk_90dpi_WT_22184_tdTpositive	2.21817807867377	0.0977796682074149	0	0	1.43837450674547	3.94284474804485	0.033	0.252833990486691	0.96595042929452	7.6971770016715
opcBulk_90dpi_WT_22185_tdTpositive	2.01587970878683	0.0745158188567394	0	0	1.4785224417823	4.24265880993507	0.03	0.263253044889697	0.963080807976973	7.81157677936094
opcBulk_90dpi_WT_22254_tdTpositive	2.29912055300373	0.00862164337756772	0	0	1.37430090461141	3.93258084010676	0.047	0.208550867046092	0.976633693144596	7.61462394109947
opcBulk_90dpi_WT_22255_tdTpositive	2.41895029318009	0.00332332155459601	0	0	1.27941045339378	4.14497093187152	0.039	0.229504770043645	0.971617167713734	7.84665499999999
