Mixture	Astrocyte	Endothelial	Microglia	MO	Neuron	OPC	P-value	Correlation	RMSE	Absolute score (sig.score)
opcBulk_12dpi_CKO_21724_tdTpositive	18.5647781637539	0	0	0	5.57565396604346	46.3508047843366	0.014	0.338035523638317	0.940081853326272	70.4912369141339
opcBulk_12dpi_CKO_21725_tdTpositive	17.9466571148142	0	0	0	10.6945716600536	31.4753139127973	0.05	0.194561361563421	0.98013169795256	60.1165426876652
opcBulk_12dpi_CKO_22017_tdTpositive	14.9344463730935	0	0	0	12.3557552360575	43.6330092085621	0.017	0.318911323939309	0.94674832202175	70.923210817713
opcBulk_12dpi_CKO_22208_tdTpositive	16.4593620298351	0	0	0	12.3825737203442	37.8226617197262	0.031	0.246373029878958	0.967468874694869	66.6645974699056
opcBulk_12dpi_CKO_22210_tdTpositive	14.7169851673936	0	0	0	11.916598619069	38.3278550863451	0.025	0.280840226228718	0.958028118183603	64.9614388728077
opcBulk_12dpi_CKO_22363_tdTpositive	16.360269714406	0	0	0	8.59783097181496	38.9784990731332	0.022	0.292689853721361	0.954514136426713	63.9365997593542
opcBulk_12dpi_CKO_22364_tdTpositive	16.5537601027499	0	0	0	8.40350863338294	42.1366072892745	0.016	0.322405480473376	0.945471949414612	67.0938760254073
opcBulk_12dpi_WT_22056_tdTpositive	15.8490644288628	0	0	0	9.64112237807635	45.4887719398167	0.00600000000000001	0.545935424595011	0.873567149112703	70.9789587467559
opcBulk_12dpi_WT_22178_tdTpositive	19.4547192052064	0	0	0	8.9022563666947	47.0126437899384	0.01	0.45670729043555	0.904331154877116	75.3696193618395
opcBulk_12dpi_WT_22180_tdTpositive	14.2122914388045	0.819498375410089	0	0	9.15730979783584	40.2052360524875	0.019	0.30395603645099	0.951063717571344	64.3943356645379
opcBulk_12dpi_WT_22280_tdTpositive	10.8831459941385	0	0	0	13.9973740290411	40.5836235418631	0.019	0.304565419932318	0.950923938646382	65.4641435650427
opcBulk_12dpi_WT_22281_tdTpositive	15.5943162561328	0	0	0	9.24365701875443	45.7883161650736	0.016	0.33088871876301	0.94250257049209	70.6262894399609
opcBulk_150dpi_Tumor_16713_tdTpositive	15.2656634055136	0	0	0	0	94.1594390575497	0.1	0.135286514319865	1.02177205979882	109.425102463063
opcBulk_150dpi_Tumor_16839_tdTpositive	21.517400646253	0	0	0	3.08885321590631	47.3370512758359	0.334	0.0318599361145005	1.03301493081547	71.9433051379952
opcBulk_150dpi_Tumor_16840_tdTpositive	16.9814837816808	0.0431203188421459	0.690990278805084	0	5.21148313268413	36.7482093486985	0.152	0.098980592756673	1.00974806431777	59.6752868607106
opcBulk_150dpi_Tumor_16844_tdTpositive	23.5669787929868	0.20379599731504	1.61457388770257	0	13.4599905221377	55.2834752941929	0.144	0.103581326005442	1.00628423485483	94.128814494335
opcBulk_150dpi_Tumor_21256_tdTpositive	32.0788622404762	0.267879492822832	0	0	10.4165828069821	64.4874155432263	0.248	0.0509181541269885	1.02154590744322	107.250740083507
opcBulk_150dpi_Tumor_21349_tdTpositive	18.1275329578481	0.543106779113024	1.09467904942483	0	0.743876663026178	22.8371701729849	0.262	0.0478193371081543	1.01547308776185	43.346365622397
opcBulk_150dpi_Tumor_21354_tdTpositive	29.3209952144026	0.15298780575862	2.75659912178831	0	1.15485431032613	43.2408725757958	0.0580000000000001	0.184343987038949	0.98378461392056	76.6263090280715
opcBulk_150dpi_WT_21590_tdTpositive	14.7465455762506	0	0	0	10.4832373493736	37.9804893854878	0.035	0.239770752937534	0.969628905087797	63.2102723111121
opcBulk_150dpi_WT_21591_tdTpositive	14.9507944563614	0	0	0	6.21610593351422	40.0545091790157	0.047	0.199988058479077	0.982893504193284	61.2214095688913
opcBulk_150dpi_WT_21592_tdTpositive	14.9159929308896	0	0	0	11.557093126654	34.6496849558137	0.088	0.149121859602447	0.993067003044176	61.1227710133573
opcBulk_150dpi_WT_21593_tdTpositive	18.7185382227585	0	0	0	8.80516734678032	39.5344638514863	0.018	0.307935785356961	0.95041598199437	67.0581694210251
opcBulk_150dpi_WT_22062_tdTpositive	15.0909793060184	0	0	0	10.5413178363548	32.2901645412019	0.05	0.195380410095849	0.980712858672755	57.9224616835751
opcBulk_150dpi_WT_22064_tdTpositive	18.4201486907213	0	0	0	7.71443933149567	37.4687934330576	0.026	0.277335202201499	0.959019094427521	63.6033814552746
opcBulk_90dpi_CKO_20642_tdTpositive	13.8685803288246	0	0	0	12.5674415700945	45.3328946362796	0.018	0.304983906315851	0.950687453721067	71.7689165351988
opcBulk_90dpi_CKO_20647_tdTpositive	13.184042275138	0	0	0	10.217374959358	39.4633869548236	0.016	0.319343056988369	0.946398596192709	62.8648041893196
opcBulk_90dpi_CKO_22146_tdTpositive	14.2127492896874	0	0	0	10.9196847312167	38.1006502196065	0.036	0.229089684904811	0.972671358507969	63.2330842405106
opcBulk_90dpi_CKO_22149_tdTpositive	16.4629762307553	0.350851592274611	0	0	10.6241432788179	44.1846286387083	0.025	0.278859803559151	0.958522622096052	71.6225997405562
opcBulk_90dpi_CKO_22152_tdTpositive	18.0021441578718	0	0	0	11.8865437724779	32.1951952529175	0.0580000000000001	0.185019268516065	0.982330958753722	62.0838831832673
opcBulk_90dpi_CKO_22154_tdTpositive	16.256788987226	0	0	0	9.35802944940056	41.713018621676	0.036	0.231918367623299	0.972237523314036	67.3278370583025
opcBulk_90dpi_CKO_22212_tdTpositive	17.3670876601814	0	0	0	12.8321837613393	39.6177538485704	0.082	0.156660399813781	0.991132086095293	69.8170252700911
opcBulk_90dpi_WT_22184_tdTpositive	18.0924096117811	0.797532815746857	0	0	11.7319979858163	32.1595289860309	0.029	0.252833990486691	0.96595042929452	62.7814693993751
opcBulk_90dpi_WT_22185_tdTpositive	16.4883664092175	0.609482857155313	0	0	12.0931917009218	34.7017298217676	0.028	0.263253044889697	0.963080807976973	63.8927707890622
opcBulk_90dpi_WT_22254_tdTpositive	18.8229846134072	0.0705857117524068	0	0	11.2514521032382	32.1961841224901	0.043	0.208550867046092	0.976633693144597	62.3412065508879
opcBulk_90dpi_WT_22255_tdTpositive	19.6640826151206	0.030388941491053	0	0	10.4680913482933	33.9315308803187	0.036	0.229478315487733	0.971629164810641	64.0940937852237
opc12.01	8.49639658543425	22.3660317475528	0	0	14.612695440901	13.7661303344902	0.02	0.300017766235933	0.970610902795928	59.2412541083783
opc12.02	0.840587920367952	4.86783799367237	0	1.70939124329995	26.829986605648	13.2317176438807	0.028	0.259529039280071	0.965034786599289	47.4795214068691
opc12.03	8.66242101323823	28.3853082530892	0.472193101760069	1.81968902480142	27.5855517925629	5.37683858162835	0.013	0.339419919598444	0.968331965915714	72.3020017670801
opc12.04	1.92632386387691	22.9854504113241	0.431489096618249	0.218963921438644	19.2098133742551	8.3487612787553	0.042	0.213925254306026	0.982697259236093	53.1208019462682
opc12.05	3.11347510096797	10.1139189134331	0	0	3.89857823994627	35.158067236355	0.041	0.215362038641895	0.978947095728476	52.2840394907023
opc12.06	5.91804963473634	32.3526262881928	0.36596900837422	0	17.7060838937934	9.24338694416198	0.082	0.155878937267933	0.989023354910422	65.5861157692587
opc12.07	3.03888186124008	6.91076865430116	0.138622949344231	3.99509429219871	28.7688223715587	1.87910446347259	0.022	0.29160638541649	0.956456088277623	44.7312945921155
opc12.08	4.98982377639839	17.2530292969399	0	0	22.7996596135503	4.94748679191258	0.049	0.196930098605671	0.988405863149345	49.9899994788011
opc12.09	1.57961699497611	36.7630523727689	0.455846565527458	8.03526533167664	10.9473258068705	3.82884036118871	0.031	0.245266413201552	0.972654389915016	61.6099474330082
opc12.10	5.79557397945525	7.32171059230487	1.13744614123711	1.1492354370247	13.5297804956248	17.9660381452249	0.081	0.157100781298735	0.988744995049572	46.8997847908717
opc12.11	1.43456850484611	36.7867808531446	0.298602785530026	0	6.00738327437822	1.15848135733165	0.101	0.13385730643896	0.99079342681892	45.6858167752306
opc12.12	1.68970422838799	25.7640038885979	0.00904440346758566	3.82926204975042	12.1832339299568	6.54827590124074	0.0580000000000001	0.184856742747894	0.982927534346245	50.0235244014014
opc12.13	0.379799269079601	3.47229509552811	0	2.60179143040981	29.8872544186992	15.3759435336312	0.028	0.267962447542111	0.961697587166177	51.7170837473479
opc12.14	2.8974420959068	26.097004843156	0.0280670200543501	0.325490489365787	15.0348650735439	0.462658859232518	0.027	0.270695344446385	0.982892425453144	44.8455283812593
opc12.15	0	0.146954847468631	0	0	0.342010578141558	32.7344473487128	0.394	0.0206692900091473	1.08600214620726	33.223412774323
opc12.16	2.03267184725825	0	0	0	15.5268759450339	30.407338228465	0.022	0.293131539531157	0.954248525406602	47.9668860207571
opc12.17	9.74260279490495	30.357674114531	0.418522796503138	0	5.44776801193767	2.87921531438464	0.051	0.193668884920318	0.987491150446362	48.8457830322614
opc12.18	0.255570088977857	24.1754489721576	0	0	9.60618235065882	26.3779617367703	0.525	0.0038519155128599	1.01774653084014	60.4151631485645
opc12.19	2.13911650066056	35.3972316573279	0.441643222830145	1.71709511592154	9.75724438004478	0.988048051373407	0.012	0.372009660113351	0.961509055364074	50.4403789281584
opc12.20	7.70676524789151	15.6982357611242	1.15221618802703	28.8211053022841	3.18866095467172	25.3543736268347	0.00600000000000001	0.548566008208659	0.941703578089718	81.9213570808333
opc12.21	3.61045029859989	23.6392091915791	0.23838101136998	0.409291215559739	9.85218287577024	4.30907015937108	0.082	0.154979131589693	0.988473987419224	42.05858475225
opc12.22	3.45841404634469	22.3516431688743	0.71806091747318	11.3898342848738	17.8875490323144	0	0.00700000000000001	0.502620774266947	0.862788380266077	55.8055014498804
opc12.23	0	0.313016274815649	0	0	0.215916515974479	53.8242827158143	0.46	0.0114613379037185	1.09071592939297	54.3532155066044
opc12.24	0.392305005683112	0	0	3.32765605561828	3.52389245609079	30.905598676888	0.038	0.225553862158218	1.03419767567485	38.1494521942802
opc12.25	2.14587488912218	24.2967232633362	0	0.430778538600003	1.56953360671375	6.25815811267512	0.126	0.116313329705243	0.991657721349143	34.7010684104473
opc12.26	3.41125447059867	24.8550866670794	0.362877992638807	0	15.3456983689491	2.11172927478143	0.036	0.233670158283076	0.986139721940631	46.0866467740474
opc12.27	8.13133094171201	15.2883688812417	0.692434307996876	4.66430061840657	21.7144006651766	1.33097805065484	0.026	0.272342166613615	0.961393921436205	51.8218134651886
opc12.28	0.545177883731321	15.4444130083978	0	37.4898906140111	7.02222670586727	0	0.186	0.075487783673702	1.72532183469643	60.5017082120075
opc12.29	0.950763957219644	23.2791551501772	0.309283288868311	0	23.7937553158324	4.44665285561405	0.029	0.252020794354904	0.984652000242096	52.7796105677116
opc12.30	1.53755403282516	2.20000836577394	0	0	0.0369505050061357	39.7871425880189	0.0580000000000001	0.187012547188305	1.00695372526266	43.5616554916242
opc12.31	11.991851331711	39.6941855941151	0.198958811986677	3.39111237927978	8.70046613654934	1.14808100046067	0.151	0.100191329395461	0.994332132790719	65.1246552541026
opc12.32	25.1929608293182	22.6385464410725	0.221492315162608	7.87954329330016	0.552832803469221	0.00064719040015968	0.153	0.0981172618520849	1.02125381279213	56.4860228727229
opc12.33	7.4595613963869	9.16025286391573	0.507570512259765	0.0641848084418974	34.9856353715704	3.45375404176048	0.029	0.255926795041995	0.987696800279036	55.6309589943351
opc12.34	3.07286899625325	0	0	0	10.9251265319093	32.2404771896036	0.496	0.0073854285727059	1.04527188152513	46.2384727177661
opc12.35	1.11361858769914	55.0977038224724	0	0	6.61184448670026	3.34219258504107	0.097	0.138564050483126	0.990103514608224	66.1653594819129
opc12.36	3.62466938896594	18.6057436882888	0.0841252695167872	25.2814866188872	0.930282324006021	0	0	0.833732207959505	0.692184651772434	48.5263072896647
opc12.37	4.70136849840402	26.5667652845592	0.780045251749894	0.49204374912066	20.0125384810088	1.88068713559864	0.166	0.0873000722526882	0.994996161535928	54.4334484004412
opc12.38	3.45297757527967	14.3979954336407	0.650445514155915	0.785768652708373	29.0424091769696	1.62769990572118	0.101	0.135003091316553	0.99180356309478	49.9572962584755
opc12.39	11.1490095428679	8.91759464432685	0.0410366966977261	0	0.00697323895702591	0.990583679593733	0.175	0.0827828536276454	0.995773428026792	21.1051978024433
opc12.40	7.71986340611334	6.22807171504841	0.600427489615497	1.33023853311716	34.6921729921235	0.580411089623495	0.093	0.141720439169524	0.990656557150843	51.1511852256414
opc12.41	11.5528412411397	6.71412351881537	0.0128548242413481	0	12.4436019459927	4.14159950194106	0.151	0.100752926960152	0.99435547281235	34.8650210321302
opc12.42	0.322302785373377	0.304995994438377	0	31.8313716770529	0.299034217211102	13.2534362615741	0.013	0.343360039081433	1.72429522688329	46.0111409356499
opc12.43	0	4.74128436235639	0	17.6853923241868	3.14294038644724	21.7413781418964	0.0610000000000001	0.180151991552671	1.34859799921456	47.3109952148868
opc12.44	4.69261836809122	32.8420636575178	0.611449668128424	0.885606740962614	13.1254699808926	12.1718949789271	0.085	0.151691805528447	0.987018784034612	64.3291033945198
opc12.45	6.02008089597267	32.2727770907308	0	11.6694896974654	13.839503202562	11.3474478466477	0.082	0.156061589925481	1.02631872270842	75.1492987333786
opc12.46	3.1192744972466	24.7314512342042	0	0	0	0	0.816	-0.022630557377988	1.00486695909444	27.8507257314508
opc12.47	0.00727500732138164	36.399897581576	0	0	0.0106359371696026	0.0816845103856307	0.017	0.318426501735898	0.970540917700409	36.4994930364527
opc12.48	4.58269049893184	16.5591892836563	1.37427721018234	22.0512381905712	2.04178351453095	0	0.003	0.678329315658217	0.864525384184425	46.6091786978726
opc12.49	4.92697931658211	2.49221561775535	0	0	10.97922656239	26.2571203824601	0.033	0.242716259928856	0.968617119732185	44.6555418791875
opc12.50	5.805112072612	0	0	0	5.52768537580617	38.0462266212454	0.083	0.152927549812944	1.00610128938321	49.3790240696636
opc12.51	14.1867239059237	3.84692085366263	0	6.09715205837731	5.05963151611695	19.7287266598162	0.011	0.431331179562883	0.901766278506774	48.9191549938967
opc12.52	8.97002713179677	24.693496162189	0.448771621956187	0.494285796601798	13.4442637891633	2.00316908305812	0.026	0.274174141105182	0.982453217767268	50.0540135847652
opc12.53	4.85219226777989	25.9559413372329	0.340360465614346	0.518261701077189	19.1319202658644	2.59571964785352	0.052	0.192075445211863	0.98762494819163	53.3943956854222
opc12.54	4.4505681130765	26.2525329552179	0.368876882426418	3.5348416031971	8.9195752764347	0.998584525108908	0.011	0.426883565929148	0.928575030417892	44.5249793554616
opc12.55	5.00239314889785	7.01989438136334	0.179510281766436	0	26.1128807538374	9.89020276222426	0.08	0.15852791090784	0.987703989382501	48.2048813280893
opc12.56	8.88694801319075	0	0.0663253054821479	8.94502467727192	1.63498411526055	21.1150619934933	0.015	0.334823817167109	1.03357799844198	40.6483441046987
opc12.57	0	0.116415642408971	0	0.597538384175964	34.7568312152857	9.32501772492208	0.0659999999999999	0.173985122301696	0.984062636726871	44.7958029667927
opc12.58	5.18709717800765	20.8220180637698	0	1.33764814725341	18.7292226731502	4.01709993276315	0.106	0.129038515417872	0.990248168952469	50.0930859949442
opc12.59	8.44708337744942	34.8466709674066	0.33986322110691	1.62221558133336	18.1011430664534	6.50431278469204	0.023	0.2845601726402	0.972798698665988	69.8612889984417
opc12.60	0.45621197349796	0	0	8.84046776872093	7.21112861177583	30.3354282746095	0.152	0.100043568180085	1.18493860912332	46.8432366286042
opc12.61	1.30590334573844	7.8184650777007	0	0.711196284024354	15.4212240947338	18.6492875028892	0.013	0.359747564689711	0.939817973002401	43.9060763050865
opc12.62	4.43068090714068	0	0	27.785689560893	5.47547798241272	11.6602742064114	0.042	0.213352071752505	1.58042331481253	49.3521226568578
opc12.63	0	13.48734469587	0	0	4.47217380371405	32.4238195841641	0.448	0.0134630059664927	1.03670876701321	50.3833380837482
opc12.64	0.277660059131247	52.3814026616225	0.175621657121794	6.04794622737696	6.11639513926922	3.08721834699848	0.19	0.0714850403308226	1.01057519646207	68.0862440915202
opc12.65	9.72564377722562	12.8464636353056	0.161250238471408	0.650156847842922	10.4067489726059	4.24925869269352	0.069	0.172396823138482	0.986289780444593	38.039522164145
opc12.66	2.27739482797722	23.0461676881109	0.434898115935685	0.0967923826620598	25.7736503540355	7.63285695939727	0.0590000000000001	0.181787756711961	0.987483269827619	59.2617603281186
opc12.67	5.94351383521363	19.9428056218743	0.394415568646982	0.797933105218741	30.1506119341824	4.73633840612242	0.0580000000000001	0.1842897857264	0.987300992642574	61.9656184712585
opc12.68	0.230867212559669	43.0820587973974	0	6.03783611868765	0.133518776547005	0.109231430464543	0.012	0.382917910012917	0.925199346151339	49.5935123356562
opc12.69	7.79799596428448	28.0114835578595	21.2259294854413	2.37873585487879	3.50616786711361	2.58022696335415	0.214	0.0621470705069348	0.998001779307421	65.5005396929319
opc12.70	2.96321575672134	30.0241545575886	0.344901954894283	0	22.1201055114982	7.53264400090074	0.103	0.132054459126801	0.991426365198437	62.9850217816031
opc12.71	5.33651046567188	36.6311443844391	0.0774957850330682	0.612992289371785	6.7741281437331	6.68092244455659	0.042	0.211657192056496	0.981672421496769	56.1131935128055
opc12.72	10.4139544908622	6.90999677559389	0.0255962944734755	0	36.6686029243973	13.4353562244587	0.086	0.150622446422748	0.988676329747482	67.4535067097856
opc12.73	0.0576502543281106	0	0	5.62444651294279	1.44463419136655	41.6356323443279	0.051	0.19332570558581	1.0869791794085	48.7623633029654
opc12.74	0	3.6142713359438	0	0.245634807242643	8.42557221590896	30.3209368893717	0.013	0.353263432094338	0.933769339733684	42.6064152484671
opc12.75	2.31604229006696	11.7939666793793	0	8.01664384930034	3.90487260983688	14.8041724567311	0.011	0.451856396426986	0.909081795727616	40.8356978853146
opc12.76	2.09684697695379	10.9036779742392	0.000796890766966082	0	32.1752891547054	1.8606223663028	0.022	0.294335450231094	0.986339406775794	47.0372333629681
opc12.77	4.2604291795308	2.77719412537756	0.771703594916389	75.3595718809263	1.73918785638447	6.34254586654407	0.00700000000000001	0.503002716484867	1.73939738891067	91.2506325036796
opc12.78	1.03318344080627	17.5164575126684	0.304947518268573	0	13.7010184053336	4.13011883697039	0.0590000000000001	0.18146501949347	0.98794200288304	36.6857257140473
opc12.79	12.4543800676903	38.3496037715071	0.396549737778772	0	11.9585861748449	5.02804410038946	0.152	0.099098263211568	0.994154133284546	68.1871638522105
opc12.80	8.82620798045247	23.3905184912329	0	0.979910291225761	7.10257033554219	22.6671525041256	0.232	0.0553572651235696	1.00769996685325	62.966359602579
opc12.81	14.7493376807612	21.7067916879929	0.418499717695169	12.3315592213902	3.104478570721	7.53050208076764	0.035	0.239982655939661	1.01756158653018	59.8411689593282
opc12.82	1.61038947450922	11.5178418344036	0	3.71914267567875	6.8887678224109	27.1543471617952	0.0580000000000001	0.185672459551851	1.00782201618163	50.8904889687977
opc12.83	3.61997766552109	27.3219680717689	0.381254065720189	29.6433753904395	7.81622166513918	0	0.012	0.373980550513512	1.13650404587661	68.7827968585889
opc12.84	2.39742074551349	32.0614758950659	0.912336014727529	0.622666163545315	20.2630899921667	2.29953681826786	0.011	0.45361923171787	0.967923036384655	58.5565256292868
opc12.85	0	1.54413321938348	0	1.1602005711636	49.9166498533369	3.36377099760917	0.102	0.132301368390793	0.990714141613503	55.9847546414932
opc12.86	0.907889442360036	22.0844238383558	0.412116411683208	0	22.2505176394884	5.95986510650329	0.078	0.160266254682343	0.989634760023253	51.6148124383907
opc12.87	4.09677694836789	0	0	0	1.59960522812838	47.8545553150199	0.139	0.107461439706005	1.03665557753263	53.5509374915161
opc12.88	3.66027890331033	21.0355582274709	0.347886005237602	2.92571107385939	4.87538117174675	4.1450412037758	0.012	0.365714270428537	0.936530390025357	36.9898565854008
opc12.89	0	26.0186554312645	0	3.70715978287745	0.468837916187899	29.1017236201061	0.119	0.121277424731006	1.02262753576188	59.2963767504359
opc12.90	16.531940510456	0	0	29.0911740714901	0.680532365130738	24.1551049145346	0.219	0.0602397824208511	1.47271335130537	70.4587518616114
opc12.91	0.420218266433037	94.412674689382	0.13852210571425	0.0742991066242178	0.0086605841588049	0	0.003	0.68620905918511	0.930836219346945	95.0543747523123
opc12.92	4.62246796661029	9.561358603737	0.216529587812418	2.65174212387048	26.4431696127103	0.155009090484657	0.146	0.102650869214859	0.99425567009386	43.6502769852251
opc12.93	27.9227378783854	41.8892039552776	1.21846891699135	0.657031454710573	3.50359440652068	4.16572103621791	0.098	0.136424659065511	0.9914534179436	79.3567576481035
opc12.94	5.27140070704181	0.84951739577243	0.853352160044686	44.4057171757951	3.16690593757284	9.35560776276518	0.284	0.0429012466551936	1.96157776569727	63.9025011389921
opc12.95	9.24981940941892	0.538402258057557	1.78042956377928	23.9390272654508	2.2605110472122	0	0.499	0.00694120146763442	1.81147431585138	37.7681895439188
opc12.96	11.1628279732052	6.94113717062206	0.326319012097597	0.406213575934757	10.382569208188	4.11421360020154	0.084	0.152199782690777	0.988896101589789	33.3332805402492
control.01	1.42664782643417	3.4237666509013	0	0	19.0000632808216	30.1720170220867	0.184	0.0784993466277918	1.01061664678076	54.0224947802438
control.02	4.37104419566823	4.30219251184039	0	2.60566985750826	2.02168056481381	48.377952865367	0.039	0.221825936788941	1.00152983953421	61.6785399951976
control.03	4.09935017825066	14.5861245005194	0.492489848955188	0	27.6697018659689	7.50974589487512	0.07	0.170424489133467	0.988773120167092	54.3574122885692
control.04	5.68849685651645	42.6562726426303	0.250735918823671	1.5899748648368	9.45918349326664	16.7368757357323	0.03	0.247333295306385	0.971205855835271	76.3815395118062
control.05	3.0429623855223	19.4062492051588	0.456163393880948	2.04201545433827	19.9809016287108	13.1334134781951	0.053	0.191651556345073	0.979716153527525	58.0617055458061
control.06	4.2001700399257	5.63340279014114	0.400744865251014	3.54171187383615	37.4576832072167	8.37165243381122	0.035	0.235816518807671	0.970469409078547	59.6053652101819
control.07	17.5282974852782	27.4748466464386	0.928978763012328	0	14.2691574635296	16.7811391324688	0.025	0.278682452211589	0.974320724264015	76.9824194907275
control.08	0	2.16296362926713	0	0	24.1914705017302	37.6190538158551	0.072	0.167714548506556	0.989164741954479	63.9734879468524
control.09	3.77345866175938	10.6197844024101	0.039444733815458	0	31.4515476480741	28.8328107541503	0.09	0.147332414598922	0.987836349577469	74.7170462002093
control.10	2.32473400188966	22.2249841401891	0	0	16.7464468759712	12.1588443515767	0.069	0.172457604863632	0.9852563542404	53.4550093696267
control.11	2.65241258187217	4.80638268256237	0	0	14.2049695229871	20.9864619338922	0.092	0.143326818927072	0.991250436907097	42.6502267213139
control.12	8.15757844654696	27.4935143175852	0	3.40270302047875	5.59502287002064	18.6181979897468	0.019	0.30142904755876	0.952319040359763	63.2670166443783
control.13	0.696296372566119	11.193016740846	0	0	25.42524589527	30.9333870213659	0.055	0.190572184041968	0.980060949632923	68.247946030048
control.14	5.98143476795054	5.43805155727249	0.37092809305992	0	28.5371632760277	4.57621077289403	0.07	0.169939012285246	0.990504445195691	44.9037884672047
control.15	4.72240739274752	8.30427768632937	0	0	16.4241803114152	24.2178631654939	0.022	0.293762379386816	0.958117012297114	53.6687285559861
control.16	14.2751618269945	13.8421609521033	1.94402123034872	0	9.02464184660026	13.8645744401289	0.326	0.0333821888087527	1.00175060284108	52.9505602961757
control.17	9.6573467325544	26.2991943153421	0.335440143614521	0	7.69925468415674	16.437954664786	0.272	0.0459356119809507	1.00090472026268	60.4291905404537
control.18	1.52336651090622	11.7304362312723	0.383273013845329	0	34.7732313472472	8.17880428059827	0.0610000000000001	0.180700335859317	0.987738407880015	56.5891113838694
control.19	1.07495457001446	3.46171507489074	0	0	7.12809723458789	34.9300885311656	0.036	0.23188479954863	0.977067065468497	46.5948554106587
control.20	1.72434666825879	1.44564786043701	0	0	3.70525091001932	78.2241320165635	0.016	0.321921330457962	0.949892710840865	85.0993774552786
control.21	1.19477607028598	32.6161750863072	0	0	4.83211632762552	58.900908716922	0.025	0.280398367727834	0.958025115944401	97.5439762011407
control.22	8.80410750066263	21.2702467025231	0.362686272607944	0.077064088870417	12.9386259644982	30.4900461937182	0.0659999999999999	0.173981922589887	0.983166995500712	73.9427767228805
control.23	27.2341695848379	14.0584147579229	0.0975441911155048	0.18711329654354	16.5466729606582	10.649423714012	0.172	0.0840770682032775	0.995015454557261	68.77333850509
control.24	3.62291380367223	22.1463642120747	3.7094518921584	5.31521919261164	14.608685307575	4.81286113002359	0.164	0.0879869950369098	1.01213445861216	54.2154955381155
control.25	4.25964446086693	19.3265341869803	0.426277487532395	0	19.1164955864498	10.6209698787035	0.056	0.188989728175867	0.984636431330158	53.7499216005329
control.26	1.72382881264272	16.6902303389299	0	0	2.51203732848037	63.0234828865221	0.215	0.0616249477360862	1.0350118495705	83.9495793665751
control.27	4.42166482435969	2.29856432993347	0.602920990659374	0.785817447240066	43.0131029739382	12.7783137644658	0.107	0.128559577065012	0.99015061590856	63.9003843305965
control.28	8.07258582886148	19.0483020865152	0	0	10.0476714893669	23.3771506654893	0.097	0.139394677265102	0.989274654282422	60.545710070233
control.29	1.75188801017826	3.03836363735245	0	0	5.93567998965758	32.9305645831979	0.091	0.143680582621136	1.00781394839933	43.6564962203862
control.30	1.37903212176915	3.8639407267527	0	0	27.6063185716443	27.9745769797137	0.013	0.359021402991474	0.943305112221911	60.8238683998798
control.31	0.225056415231141	6.34180431728272	0	0	21.5833663026467	28.7279871046466	0.052	0.191976271501042	0.98038657099874	56.8782141398072
control.32	9.67787117150125	17.783875076728	2.49623482872391	0.309014416033396	8.53536699514805	2.01631860483059	0.16	0.0924962680096871	0.994748254096962	40.8186810929652
control.33	0.726567103507551	4.71035424672006	0	0	0.260836894587028	46.5097086638394	0.029	0.258084066654905	0.975552936574239	52.2074669086541
control.34	0	1.97217351468552	0	0.0913029888542843	37.0100219065969	0	0.036	0.235391506989033	0.988333709935479	39.0734984101367
control.35	8.48524479489761	9.9975088289325	2.32073521219602	3.05353417490094	29.6813253457136	6.01386583645081	0.042	0.209762988729878	0.976849063779127	59.5522141930915
control.36	11.4018719337096	18.0405645931256	0.206885689745239	5.92496921325869	11.2373989568699	21.7421634308418	0.017	0.315756334713993	0.947640213740505	68.5538538175508
control.37	1.86805833279449	11.895526520655	0.460795295318346	3.8416344456214	14.8641308099511	12.1935155010115	0.012	0.394648147024651	0.91941413170819	45.1236609053519
control.38	7.13510811785501	29.6894100465384	0.32557583780318	0	3.09462888560052	10.1843326304373	0.05	0.194855593123197	0.982952230780458	50.4290555182344
control.39	13.4696154755211	2.78993046661134	0.0972063521516792	0.500161914186289	22.6623585778786	14.8359984848989	0.076	0.162966121480992	0.985152226828616	54.3552712712479
control.40	6.26473223311528	2.69509012055064	0	1.60271728513899	34.7084303855981	30.6926947609023	0.03	0.249924571697282	0.966610112589757	75.9636647853053
sample.01	7.54126935601587	3.11749764077523	0	70.348141331396	2.12296114425597	1.96718060293236	0.012	0.363156360290501	1.87693364890874	85.0970500753754
sample.02	3.4192572995146	20.862237189577	0.950739734417535	0	11.6778380965596	11.6667397969955	0.019	0.300523393785018	0.969536879455663	48.5768121170642
sample.03	4.3732246444039	16.6615902917051	0.128518792016761	3.86848730916618	12.6420423745003	10.0239031159076	0.00700000000000001	0.499122748876581	0.889253978545689	47.6977665276998
sample.04	1.74445815945163	13.0054808384391	0	0.941131544637531	1.35684463056797	46.1899264976171	0.00700000000000001	0.525488909797407	0.863206552236437	63.2378416707133
sample.05	8.56092314682135	9.05894686314568	0.629540761001405	3.87975693464184	27.6865628297045	0	0.049	0.196275211271416	0.978884541361443	49.8157305353148
sample.06	3.48673286959264	32.2756112272197	0.0777690009381342	20.8865275801462	6.00170248759252	3.74633805494243	0.00800000000000001	0.484953340361167	0.921294270327852	66.4746812204316
sample.07	4.95056332073406	55.9208060132184	0	1.27053373751468	0.601562706437371	3.20160374440905	0.00600000000000001	0.545694993253837	0.942776746806719	65.9450695223136
sample.08	3.96868465957468	35.2352795413587	1.65755697825727	0	5.07094064422392	20.2056910108864	0.016	0.330166584907132	0.959495881266145	66.138152834301
sample.09	9.24804566183368	21.3209864792585	9.32672042017308	0	0.797464066166865	14.1696382181938	0.018	0.30695880844043	0.967156304434178	54.8628548456259
sample.10	7.59809072887141	8.88903963366006	0.166134724197242	1.31231945748984	21.6375907599849	13.4880349969478	0.029	0.251207105839008	0.969153272594716	53.0912103011512
sample.11	5.77192611304938	8.39325229677642	1.15175111505608	2.06864520129662	20.086555524185	2.80490463871938	0.046	0.203196398861392	0.978556379869021	40.2770348890829
sample.12	2.57063429788099	1.95734327865001	0.12514949141675	1.36932392079649	31.4044915385461	1.81484422272377	0.049	0.197155418513176	0.982576013846995	39.2417867500141
sample.13	5.64093804002977	2.20101745437081	0	0	6.85569553962462	36.06486546654	0.16	0.0923966208771709	1.02042716834389	50.7625165005652
sample.14	1.77338442645512	15.9038386305788	0	7.39028267458048	10.5709702670083	35.4603897506276	0.011	0.444245387501127	0.894629333757244	71.0988657492503
sample.15	4.20022066844632	7.66123944695312	0	10.7226287639741	7.32967191610136	32.5032629370125	0.002	0.719872539986752	0.696329781485869	62.4170237324874
sample.16	0.259521692554951	64.6225108854771	0	0.349921758284749	0.0314458659732427	1.46309411413712	0.00800000000000001	0.472978838300912	0.954242706459778	66.7264943164271
sample.17	3.62984088508611	4.85020093177225	0	0	3.13712674694764	34.011662678469	0.029	0.25066931373085	0.970302922790738	45.628831242275
sample.18	4.1243916834099	12.0002549000687	0	6.30770815359692	0.887450511259363	39.6782601639582	0.00700000000000001	0.526880106282247	0.848170471537243	62.9980654122931
sample.19	1.69026109050199	50.9497192952194	0	3.08558607612325	1.86602589859729	48.5948776076984	0.012	0.368647412061344	0.9317702601393	106.18646996814
sample.20	2.22927745681365	19.8208347498732	0	0.533140967878867	9.05125147632707	46.1618867401105	0.017	0.31046253529253	0.948998341652764	77.7963913910033
sample.21	8.53786439979959	21.8812497472156	4.59974148415956	10.2952873289061	1.71439951971088	9.71971452633633	0.00700000000000001	0.502406808255226	0.86291023775822	56.7482570061281
sample.22	4.26147829029483	51.0334538508628	6.70781799007039	1.47833282542988	9.79164870683614	2.1918696034256	0.013	0.354611874819466	0.969635333664543	75.4646012669196
sample.23	3.07421848291153	36.938163235711	0.193481224392408	0	0.964670700758009	16.3401985426925	0.026	0.275360751819919	0.968517477621168	57.5107321864654
sample.24	10.4856015050789	16.3796649804113	0.467318968112357	0	14.2591407350942	3.16797732245586	0.143	0.104020977903729	0.994582902851073	44.7597035111526
sample.25	0	26.3515545706479	0	5.11902893127546	0.686230918943712	50.9524138871633	0.00900000000000001	0.462885647802983	0.885257101157704	83.1092283080304
sample.26	2.41464759451911	24.6786166511676	0	0	10.1264195618058	29.9831870289127	0.093	0.142033831080958	0.990149484055789	67.2028708364052
sample.27	4.30647440297029	20.9929396828285	0	0	4.80687411934379	15.1588182047644	0.017	0.313090185350016	0.960426041523081	45.265106409907
sample.28	5.56699699432291	3.30378414763056	0	0	23.27664635875	19.6068835200511	0.116	0.123570759355068	0.991935320335752	51.7543110207546
sample.29	6.89966091583175	16.6827751513992	0	0	26.0041066697827	6.1320252174535	0.146	0.102360484339921	0.994122912490001	55.7185679544671
sample.30	14.5583638221658	7.17679744194863	0	0	5.48483309076449	23.7708558358906	0.423	0.0164622094196679	1.01719773343098	50.9908501907696
sample.31	6.05255529662197	18.6206443376207	0	0	12.9179190946563	14.6305152962381	0.114	0.124923492600505	0.990552154041784	52.2216340251371
sample.32	6.8962162935935	1.18428368446166	0	0.49086206443551	11.6966590483608	65.6001263057768	0.012	0.414175406112223	0.909817996183737	85.8681473966283
sample.33	13.3065116732994	2.43032438831396	0	0	25.9921992467444	13.7906891904193	0.043	0.207801279512253	0.981004836811444	55.5197244987771
sample.34	1.2597978274345	16.2414395009715	0.267479549122037	0	17.5871789065844	8.59224355335478	0.0639999999999999	0.176091923742136	0.985915020860929	43.9481393374672
sample.35	8.17885247381394	14.4513171769803	0.436125731965282	9.44407725983134	15.951560865576	10.6426704339199	0.00600000000000001	0.578558821758128	0.821744294217423	59.1046039420868
sample.36	19.3697940567891	3.09728179780173	1.65822871014387	0	1.80949123873021	49.793999744536	0.029	0.252207376912447	0.967001941658387	75.7287955480009
sample.37	1.94795552781534	15.3407636976081	0	9.48070970904114	4.63313650938742	47.9509725430519	0.016	0.320244730721852	0.975695145867622	79.3535379869039
sample.38	5.425261133935	8.522898776797	0	0	2.16307079066371	6.53823436176353	0.042	0.211517330790088	0.978616060850031	22.6494650631592
sample.39	20.0411655591504	16.9168240683149	18.5063212551279	0	5.54368214195406	4.98751585463848	0.421	0.0169841957874992	0.999090757056984	65.9955088791858
sample.40	17.6849994071008	22.4912876073798	2.09064518312523	10.5349087397289	0.745910462988866	20.1520105782645	0.00700000000000001	0.495950581960912	0.86699849990731	73.6997619785881
sample.41	2.49203443451037	2.24150784965829	0.880250880336724	0	34.1492529165736	12.6943613864996	0.038	0.224668008497146	0.979068318072573	52.4574074675786
sample.42	9.76312429974861	29.6185775514017	0.479584438700392	1.04669685592559	7.32560673035034	2.10504995462182	0.038	0.224999986882527	0.981987698057613	50.3386398307484
sample.43	4.38992629468619	36.6434889264978	0	0	0.792193159466506	46.1201997819359	0.018	0.308591033789576	0.951674519213756	87.9458081625864
sample.44	3.72024204848264	0	0	0	14.8791306951779	18.9215785103219	0.111	0.126876527535513	0.995563282974722	37.5209512539825
sample.45	7.32778685678339	6.36515423340653	0	0	18.4777550567772	22.9855832837854	0.184	0.0769488036967719	1.00177516071978	55.1562794307525
sample.46	8.90422373229242	16.0256275227178	3.86763825298225	0	27.8069417470253	15.028132673442	0.105	0.130059036203768	0.990403852333869	71.6325639284598
sample.47	3.26625804349752	23.9585273119073	0.344298910219703	1.60726227772709	8.7554279062744	2.16138929883178	0.038	0.223724061400343	0.97706094767061	40.0931637484577
sample.48	10.6888855443766	32.8476435537042	0.315425586421288	7.1154581341092	1.77962272896653	10.8411214281721	0.012	0.364240383506624	0.929550098566052	63.5881569757499
sample.49	5.39053090201076	16.7544052391673	0.29657849789261	0	7.46431565677761	3.48951466006174	0.122	0.119126818067697	0.992610682547319	33.39534495591
sample.50	6.71352965403215	21.3233532462042	8.59195310933771	12.7773568267483	5.03573534567695	2.05747736263333	0.017	0.31870984854928	0.97605888402437	56.4994055446326
sample.51	0.413927463698861	0	0	20.0761857611223	0	95.0104343090881	0.003	0.703991673269775	0.714511030796101	115.500547533909
sample.52	6.54992781370846	47.7605134459941	0.252975896294093	0	0.640822694503392	4.34678965364185	0.013	0.345636381445314	0.971371598895371	59.5510295041419
sample.53	1.06789186278039	2.29967782307624	1.1397739960801	15.124689010675	0.0790669173084285	67.0637964945685	0.002	0.717107384875065	0.697863126581806	86.7748961044887
sample.54	0	0.256492538081657	0	0	35.0889951053276	20.2988488185271	0.186	0.0750555793089931	0.999938831460131	55.6443364619364
sample.55	1.40436030481224	27.9121559457503	0	0	2.50641207677332	5.03960546013229	0.119	0.121384495934164	0.991272194699009	36.8625337874681
sample.56	0.0694957747510339	9.53463699182495	0	0	11.3506077977853	31.3156030999733	0.085	0.151706742070775	0.994064725893098	52.2703436643345
