symbol	Astrocyte	Endothelial	Microglia	MO	Mural	Neuron	NFO	OPC	WC
Atp13a4	376.549363791078	0.428574033094277	0.653049614748297	1.17296838543369	2.87204478531594	7.62236595040437	3.27694869942315	27.2698927655369	37.2044868572928
Hgf	140.795744424332	0.363595823480141	0.278750462485001	0.336771496084873	2.37608038302196	3.80084079108735	0.401450573692895	3.0496553197583	20.6696000490306
Cyp4f15	201.074153326758	0.412288576160601	2.51507622285416	3.12567391889757	0.534154977135371	4.0795561729168	0.426567328835991	20.1506295457394	18.9028229916349
Chrdl1	240.352929934401	0.363595823480141	0.54210274942233	1.64840722888899	4.83022374694606	10.5469386240953	2.26140721216371	21.2072097368506	43.8648311007788
Hes5	1431.85653033075	0.97956169005873	1.96932462987791	2.02416339336065	19.9782622655164	56.1243582202554	53.7001965702596	331.122788680356	161.621676461177
Bmpr1b	148.209485094408	0.38943294269664	0.34119614109089	0.61094895804993	5.94812484928396	4.61775410295863	0.401450573692895	5.78744284797916	30.0256222138768
Slc14a1	262.562269609564	0.522981688660895	2.30570814423399	0.724085658302163	7.93016159585973	9.45345872002641	2.1150945360756	12.1541074724457	46.2227447888911
Itih3	339.020202802539	0.701459970532592	1.76027990179422	5.50368143933711	9.10263565458077	10.6692667035728	2.17644421274734	12.7030712577529	44.5354325886206
F3	810.790529034028	3.04690209511858	3.78438317880736	5.45615624580961	15.0564527176878	32.3280864070424	20.7235410074738	163.780249233292	98.0119280011518
Aqp4	1579.40295156927	4.3834821602107	2.36619560084093	4.7885539028308	68.6928937197358	61.0176498810523	3.04618888790587	51.8261736047065	408.870853841179
Dio2	552.142758944212	0.98037978066156	1.88237678561958	5.69086914000596	19.4916075838763	14.8931961378961	8.00218453927087	66.5696900160291	111.482982269209
Cldn10	717.320564953508	3.03233099249262	9.39415818618851	20.6832642865698	2.30993822180278	33.2824859669886	6.17110022606005	102.196539847307	122.176022313101
Ptx3	104.72992710743	0.473796263639619	0.278750462485001	0.336771496084873	1.69310262796933	9.13790546334986	0.401450573692895	0.648818832750108	27.7112133692491
Slc39a12	621.345951789445	2.1740685051051	14.7269123777044	11.1285130566758	13.817961177502	15.6494871434822	1.12258226097605	70.571182968274	72.316105646066
Pamr1	201.974909828339	0.468433225243287	1.79906802864901	1.95960429756118	5.48790048162264	8.50439095775548	3.00327783608384	25.2494181618873	24.7827309811305
Paqr6	108.932965972172	0.363595823480141	0.419540352324612	2.24984070831704	2.56996367994552	5.91240115217835	0.717143275833514	2.89994857739925	18.7437940447582
Slc1a3	5654.86688029587	14.0523331949208	48.8306460729456	62.9611857725615	194.072648694451	237.519637191632	49.5601431881668	740.612533682544	1250.73422522456
Gdpd2	350.283047778436	0.383817205202989	0.669486135768725	0.776675895130776	14.007295008855	24.6055542002637	2.87328613306921	16.5422446096809	52.770299339133
Ppp1r3g	109.800650684247	0.363595823480141	2.9115680931882	2.31664775385288	2.40285872394111	3.50129329554089	0.57884556044918	10.476891487909	14.8344128964726
Fgfr3	1449.7176904411	2.84304664274709	9.60973125010359	14.3690277395958	72.5369050942865	49.1117327121118	7.81145737896224	85.8658346261481	200.081536372853
Ppp1r3c	517.99592812465	1.98929637952896	2.63073397099613	5.94798407412188	28.2914687701359	14.4603614765469	1.41678932841262	16.1762166683775	92.5939683638458
Slc6a11	2762.34857346999	3.91327458734883	12.5507646609288	26.68966642826	93.4133011100185	182.028653507562	27.9197151646657	133.972104398384	603.560059371379
Gjb6	263.014049186367	1.25815971788392	5.78369996469634	11.3572061603796	3.44834600432068	5.47610354396767	1.96407284475807	78.278399766388	32.1469700461561
Entpd2	393.581065281433	2.3606440659657	3.88570339691141	4.36488862532611	11.8122496292172	26.2024911086373	1.98391654661571	24.771489882302	68.7689755629187
Grhl1	112.930355598242	0.61183178206562	1.52629815733662	1.22293180459284	0.948131228705339	4.42621892677285	6.16053203970758	2.99999894146205	12.2801099652268
Slc13a5	310.454574713236	0.402613291297795	1.64677410722264	2.83227017222102	10.2311937365013	11.1392813872135	12.1689042757212	76.1506779556944	43.2952594523991
Mlc1	1875.74212918937	6.91790503202961	35.2489813641132	45.5898485646565	47.4324033325631	99.2034456896909	5.66461813877188	163.125495073141	508.142877109631
Nwd1	263.253622656894	0.363595823480141	0.689951994724374	1.94624288845401	16.9155085836425	7.76564796882532	2.75800357907469	18.932409915717	52.5816707174278
Slc4a4	1317.78772558523	2.39468572493902	2.30404400397296	6.04080503387279	79.94815672816	65.0994948130101	6.55086243250918	88.3842241442012	252.293070969151
Vcam1	945.239795565324	23.003244278399	16.7198109341946	3.15669225754446	31.9931478898112	39.2111468988542	12.336768825858	125.017678388175	172.192748581449
Ptprz1	5064.48826830956	2.79067430033301	4.67951920771001	9.24455774028016	133.607452695259	237.552190447346	379.532697156156	1921.85697201367	1085.62574739169
Plcd4	167.660968093977	0.398711908111853	0.885669663196655	1.51178745221476	12.95075518219	3.65683818941229	0.479195491794261	6.80370049738085	24.2720499586814
Phkg1	137.621023615824	0.675139268870865	1.97218182211838	2.08900537721683	7.37850301636969	3.98899337322054	1.43936891592998	6.4604717502216	17.3260606624711
St6galnac5	302.026905907626	0.436067743016202	0.613387605193619	0.989459913359562	11.3776177993433	35.6570721759624	0.401450573692895	5.15410228289234	72.2781735808671
Tlcd1	619.306634629236	3.54930607814962	6.01678134516012	10.3561192111177	22.0812778408297	29.6302797282062	17.2212360212553	124.827116004626	100.333689510855
Ephx2	119.825727067088	0.501862225254051	1.3942011006696	2.86828114829738	6.16533223004623	3.23034103186281	1.53993830639865	13.7434631478416	27.7525035925331
Kcnn3	104.44888132541	0.363595823480141	0.278750462485001	0.354665849529342	5.58620732854623	8.1666395896104	1.37257556947896	7.83771127860654	18.9885662812775
Slc7a10	1503.35536281206	1.72827093785257	8.48685748710301	8.739860189245	53.3568354406051	175.29212025084	9.54029022380062	112.97949477638	187.746922493828
Grin2c	132.249861193547	0.363595823480141	5.42293135988207	6.26702623479536	2.86743611928651	2.02766425250836	0.998407576774229	24.7190623058464	11.0284982999182
Dbx2	129.39590898931	0.363595823480141	1.11772802946311	3.29773552781977	2.58067896301044	7.7403212818614	6.91333416274937	30.4729175887373	26.2595991331113
Ly6c2	0.78440803305891	304.057852745557	4.16706156997296	0.371740164380845	0.855073489139513	0.893932775226683	0.401450573692895	1.58549759769294	6.64393463235555
Ly6c1	17.4251185026112	3621.65057189338	28.1430411243901	7.68961807241456	49.1869793582866	8.15860430871918	2.89363164814396	15.1279569652724	128.843097048846
Ctla2a	14.5405304124417	2330.29619150694	7.9226135884455	1.8126405843847	95.9233108706555	8.46607562803482	0.465351468760461	11.9085783963832	125.060013831956
Ly6a	6.05516067631681	945.995752588926	13.1913192861962	5.95353238451988	23.566061229665	1.61932942179913	6.41947368149811	6.45283372146377	34.3888650428657
Apold1	14.6139098393002	2712.10580237058	10.1613895653799	1.23198927398004	149.141114930458	11.9092531065234	1.46902406980867	8.55421766042989	248.10054133501
Pglyrp1	17.4696982638291	1956.7986029615	16.6523491410163	2.12562759355858	107.851943220254	7.44453222415116	0.682787135736876	4.08340184908653	138.610090348122
Itm2a	51.9516553939717	7487.75019187739	12.4494374740632	17.3651069352274	411.069150246226	115.556263561608	79.9787055140597	88.507641269527	399.52452024593
Slco1a4	5.36162696251215	720.107171409599	0.837735733667734	0.5793227468526	60.5594682451433	1.30002031931246	0.401450573692895	2.79517155113583	35.9439663073083
Gm694	0.578672063333649	88.214260662351	1.56053847039597	0.336771496084873	6.21044208276831	0.644204021205798	0.401450573692895	0.532573274137007	3.69329816662616
Wfdc1	5.83239816188179	548.34633873851	3.12130272866654	0.653501720437734	48.6123671463145	1.40245459851897	0.401450573692895	5.63217532656056	22.7132597607326
Icam2	3.40036527193164	783.797517345052	3.76340023774381	0.336771496084873	75.2176812696146	2.23778166376161	0.401450573692895	0.725562179457106	38.4443717463616
Cldn5	54.3861167534046	12343.1153145112	30.6581187409965	5.8401330025007	1314.9300963742	42.5534245775839	0.932541581148436	17.4456644010254	673.416438654707
Myct1	0.820644266982746	159.972294340613	0.278750462485001	0.336771496084873	18.3556494445905	0.53505898644207	0.401450573692895	0.459568517318393	7.93107000277306
Csrp2	17.3590393523812	1798.88813691326	5.08329900888572	2.42519089089851	172.7267571604	65.0483852424897	3.12273748329763	26.5936560750436	152.199959147451
Tnfrsf10b	3.51432491945194	83.5689913272138	0.620321522947933	0.363576823315748	6.51670579025925	1.66810098478276	0.433935954116124	0.958777117098085	6.52295745987785
Ctla2b	1.20991305687726	353.915811871629	25.1372149560649	0.336771496084873	19.3526210519066	1.31164814836988	0.401450573692895	3.06034258562854	16.6087158822596
Slc16a4	4.62936163848868	410.066347570697	0.384005243367024	0.336771496084873	50.7024124392639	3.30891830290067	0.81351550055423	1.7078508219012	21.2458785628541
Akr1c14	1.03909253104086	147.345067703906	0.278750462485001	0.336771496084873	19.2166393917156	0.723986584377347	0.401450573692895	0.55646624135239	8.72190678107664
8430408G22Rik	1.08003206606484	222.85566297958	4.86730363801997	0.705610374026946	26.5999412331646	1.38054160992078	0.543238901815488	2.95209122137419	5.9051052009808
Sigirr	0.522220059981471	106.994268549843	2.69678668058657	0.336771496084873	13.0873557562698	0.518405218788489	0.401450573692895	0.692215887840484	6.80133490406344
Slc16a1	94.7796104142036	3646.9132951538	34.5966383817873	40.532933243598	418.531995977027	30.33424809506	40.3787658352705	54.6323127585082	290.202618237563
Asb4	2.02746969837487	181.736693111271	0.278750462485001	0.336771496084873	26.5963892056293	2.79604705982275	0.401450573692895	0.459568517318393	15.9371063169439
Hba-a2	0.495606016875269	3157.54371336038	60.3739480248565	135.668144619169	47.3458361160391	571.180762240206	17.1580276284274	3732.43466204411	170.872192292528
Bsg	482.012755589092	27085.1325293215	724.869105544119	211.644338021882	2732.34067202601	787.286106286019	389.605537660248	1108.52981171318	1595.15422541412
Egfl8	7.43382758194009	199.851471534061	1.13527815858116	0.927288527467333	27.063220703297	1.45078551706662	1.04725808983405	2.30395025218713	17.9260967271374
Cd34	11.0818719608052	2107.56066422339	63.9161026267736	2.83992498832703	293.006841087292	8.64239042699697	1.09374004450908	12.3815778036202	141.445163332433
Cdc42ep3	4.3711137332454	414.828191180779	1.27896426572599	0.859882028668466	48.3990660988644	31.146931220346	5.76582583565273	7.14159135621144	61.6821027143625
Vwa1	17.8781965671784	2290.50261386023	6.71753770781041	40.5013625996976	323.319718497094	15.1955326535196	38.1824799279184	75.456766260025	121.338039011438
Madcam1	0.725968649579063	125.138100096907	0.753410931261397	0.336771496084873	21.511805305064	0.518405218788489	0.401450573692895	0.459568517318393	4.65792277607332
Pltp	57.9013511098975	3665.84156469226	89.53945699566	3.9833046301147	583.822368217811	21.5475958637786	1.75520212577139	64.424428772872	271.174084834686
Fxyd5	2.5596886097468	271.553856871539	33.324181545608	1.3982230521625	17.6183794868463	5.34152295714409	0.671843593098007	5.18140065282105	47.6719947683282
Plk2	210.315639426468	1561.92810654047	24.2564415447418	4.41698380805548	91.3115054229497	141.497278853966	26.746112550279	104.967025675535	247.195237359541
Ankrd37	3.00777839975415	262.977618558303	2.48239551863242	5.38383625088286	35.7322129962725	9.82930509567416	10.4604611055207	7.85151671686678	16.0039135012869
Fgfbp1	0.602691608941509	101.133107511301	0.377977264615786	0.336771496084873	20.5436714970561	0.518405218788489	0.401450573692895	0.66299652150938	10.0865522833925
Sema3g	1.08207644088445	76.1152224064973	0.358216644330225	0.35854545716424	14.8206824051468	0.752532567749935	0.450742682383777	0.5662159874473	8.72637224926197
Rasd1	11.5251642845692	143.270020244795	4.95871567093499	0.343698885759338	9.42674919741341	23.6645735594059	0.401450573692895	16.8397807570058	46.5296634265576
Sox7	48.3030955848491	428.821680027628	0.541231654227064	0.336771496084873	69.4542475005415	6.14621745800852	0.401450573692895	1.20895013302811	64.7277977356421
Ccl19	11.2704822646173	145.032367383224	10.3105447565987	6.85403747490358	3.84062977257891	9.33810837479379	5.537316154601	19.80122649555	87.2200239092456
Stra6	1.34684652130981	300.876234761881	0.648455807126544	0.336771496084873	61.9518450994608	13.6907293126552	0.401450573692895	1.27146753628152	25.7643889496451
Meox1	0.654494827855396	159.071952908574	0.702037221025411	0.336771496084873	33.2400082221446	5.30483801183652	0.778049349621331	12.7596717163458	9.78723675504905
Ccl4	7.37696918165408	1.55202513433704	7717.30381829611	10.4163373223327	2.61257007083651	7.40244549646382	3.46082510569171	259.215685989089	395.761217399223
Ccl3	6.5724915829418	4.05737124815224	6787.6747681336	5.49837560441629	9.06976146034593	8.48141264643268	3.94304954206448	215.819825776858	325.177215670812
Osm	0.837011655690051	0.363595823480141	578.751158458284	0.554639080047059	1.09896682222595	0.518405218788489	0.519603499289319	16.6140085315028	15.181342759128
C5ar1	0.495606016875269	0.363595823480141	269.896236975884	0.477792876212932	0.221715585406861	0.648478272234709	0.463679427121031	13.3408673396151	31.5231417779839
Il1a	1.14522408152461	0.653263526151182	752.088423385926	1.9885986395166	1.3580854369752	2.25028041358661	0.718574447128729	111.832926473893	274.628407210268
Gpr84	0.779114960798683	0.408336289559372	518.475557777849	0.405580648164934	1.78417625518461	1.68628145580567	0.401450573692895	7.44411841763437	30.2672489336532
Slc2a5	0.956755025427285	0.363595823480141	616.581582349112	3.27181254190864	0	1.32061915068102	1.78295440393078	36.1463024242458	10.0153410605852
Selplg	4.85925096744636	7.69584738403125	3890.20188302501	18.6676380506349	3.84340143042845	1.14769472184974	9.21872429976687	172.91463997704	23.0367675733295
Bcl2a1b	2.25201887250072	2.84598813295904	1564.25926920053	3.5088643141453	3.30274875443804	4.81914675437968	3.01535949109912	45.1711274377801	81.7292511510213
Tmem119	2.67081339085057	0.535334856763633	2452.69215785675	9.57900551304204	9.7056909961351	1.08836065253331	3.46434381997013	94.4396115226751	15.4661293708784
Slc15a3	1.19638796867673	1.31630050803751	1053.78408802764	3.55114260776379	3.12184650359814	1.40707358901838	1.92555165495937	48.1717743708515	39.5428564433792
Gpr183	0.631867935154956	0.630240638608419	529.040087412093	0.57134799782531	3.20888014798031	0.611106440012247	0.459494304890282	28.24021424379	14.0795156552359
Lrrc25	0.542681154388167	0.620670796534422	352.84097093	0.949052385401818	1.59493212149659	0.536243542367001	0.437838053692419	10.327478869401	7.98868320552961
Rgs1	0.708917324568469	0.440209099445641	544.468639791414	4.77209587981713	0	0.547710665806603	1.66685289076593	107.29877063165	10.2897397489908
Tlr9	0.495606016875269	0.363595823480141	224.136863498598	0.695470184279831	0.850524023569006	0.518405218788489	0.401450573692895	11.7964138062039	4.96326156732357
Il10ra	0.644069755290425	0.503287520882093	490.798495439081	1.22539697194418	3.45072030151412	0.518405218788489	0.634992437685868	32.3278050599119	15.0642655863776
C1qa	10.6463110909044	1.71736851708551	10952.0794015921	69.3903792697241	46.2012939102096	12.5068395384297	28.1597304191594	436.600116939679	170.13760623727
Blnk	0.504021407041811	0.363595823480141	341.122761425393	1.92739547167562	0.758675408527835	1.26674388831843	1.26470379307481	25.0054286403578	9.33434849915653
Cd83	8.12480892475785	50.3217710483985	5111.89790876019	5.196606453777	13.2892113816615	9.01236327151585	6.25979470855889	152.885426135734	149.590163126386
Nlrp3	0.512726726728225	0.363595823480141	181.2826691539	0.426047935839492	1.0921802968895	0.518405218788489	0.401450573692895	13.6624504096087	21.134040242726
Tnf	1.91683804525789	23.8536040105632	1480.61742354606	1.05283020577785	0.401686774483705	0.661199936303779	0.612800249972125	19.5636272742538	81.8904506147091
Ncf1	1.40054543323825	2.90847025724499	1109.69916595463	2.96592804358719	8.73687548587299	0.73266727976596	1.72195198200528	29.0370830743943	16.2963126730866
Ccl2	2.37918642037074	3.18183068723295	673.803063343596	1.63426619376838	1.66225918887085	5.52789740937683	0.571304311422359	54.785994768542	285.624615528599
Gna15	0.495606016875269	0.363595823480141	276.563988457342	0.730171119236416	2.49710226663868	0.717778681882354	0.401450573692895	9.87419265371436	4.3771952512766
Cd14	19.6212008020173	7.60145245431845	1488.71398857311	3.43668913096187	0.73873202968425	5.065052269912	0.939980460278966	53.2350705104069	83.8016646975462
Ccr1	0.495606016875269	0.363595823480141	168.469543163928	0.640057802314026	1.00933912137101	0.537671748744764	0.401450573692895	14.8787076820622	13.5610346333322
Bcl2a1c	0.495606016875269	0.597024342154391	119.984103057476	0.766357216490736	0	0.518405218788489	0.401450573692895	2.75590371917356	3.43819156087797
Lag3	3.63206851891109	3.24065867349292	1354.45153001965	9.29623532635438	3.12467198004671	6.19262509319446	4.70657240267674	69.869348311366	11.4560365575833
Pld4	1.56519814219463	0.620548991933556	1642.45468622488	8.08844813594047	13.9613787741243	2.98295287740475	3.86152898131753	79.4492792434414	42.0046288883649
Ccl7	1.34265121637696	0.604010835902562	285.016867656821	0.508380147344841	0.847889603146967	3.76630722743776	0.401450573692895	24.9723259200554	94.6572320321737
P2ry13	0.868158015820578	0.386475090672629	742.742645130006	6.42109919425419	4.24789305089776	1.27309435224858	2.71469107667896	89.8890123188826	35.6933251697454
C1qc	5.02258784242794	1.16393749618727	4965.87427410583	31.1665130536021	40.1152355795435	12.0028356166191	14.299348274482	246.918204628453	142.948926676394
Crybb1	5.41925850818449	0.528935570270382	1839.18864682708	16.9774896786637	6.12694252638847	5.48851157287937	8.22510803558967	89.2342719457869	43.9507334776477
Rhoh	0.495606016875269	0.47089295098913	111.126963212274	0.387563373124393	0.465479753855647	0.518405218788489	0.401450573692895	6.09565706980392	1.67207447920351
Ptafr	0.495606016875269	0.363595823480141	265.599647034756	0.504862569068235	3.03597623793147	0.96523941307104	0.504553117281573	11.4025796717601	7.62641481405982
C1qb	5.69855727899454	1.4749064601769	5301.47267384681	34.965031163815	48.1743734479551	9.91905399917692	17.6767680089832	263.197709321098	114.719046420957
Cd37	0.961242737910091	1.50815002631769	892.881672168611	6.6308017532938	7.07889487562425	1.2484415920691	2.98569630820896	45.0780694087083	20.4763531723979
Slamf8	0.495606016875269	0.363595823480141	70.7881921347565	0.342727299993133	0	0.518405218788489	0.401450573692895	2.31533836004628	0.761073290885589
Laptm5	8.24222790227594	15.5854277127083	6499.74698605342	45.9629139248744	53.1708024833253	12.7975845133611	21.6610103944143	377.844520976151	154.915332382458
Capn3	0.495606016875269	0.363595823480141	214.647061847474	2.77434547489443	0.210776058179355	0.549753182368629	1.55937252867113	23.6157348051535	6.29304176513072
Gjb1	0.495606016875269	0.363595823480141	0.396344132588923	604.491884924464	0	0.866413234187296	136.349000031272	44.3136989658062	7.48493271571381
Mbp	8.41841088521492	2.45961121315876	481.591766276363	317997.055621907	18.679601531626	61.7416416494819	106214.450136222	1229.05083045444	1145.93528016972
Mog	0.495606016875269	0.363595823480141	2.59846860496349	5763.53970227313	0.337497331432314	3.61797335015971	2041.06076758515	10.8184588948781	12.4789831742609
Itgb4	0.495606016875269	0.939318904315948	0.282870394320529	92.8396892976673	1.3628896439144	0.518405218788489	29.6727635081092	0.459568517318393	4.668013001539
Mal	2.64370374172749	95.2754988039547	3.07460505743874	8624.6916354223	24.0242727817229	0.518405218788489	3042.09920252001	17.2569425893886	7.81829448561846
Hapln2	0.49572000625915	0.363595823480141	0.278750462485001	141.56819769011	3.55328330264357	0.81200401444935	45.306264517662	0.459568517318393	0.47253631590797
Aspa	32.9947971113651	0.646633356310021	0.769996583779254	415.069882184122	4.22147708854534	1.26853757037543	119.549726700773	2.5364114974597	7.72444719815809
Opalin	0.495606016875269	0.363595823480141	1.67746313938992	899.961389641849	0	0.518405218788489	370.73096358179	2.28137394877386	1.14774660795097
Gsn	16.3921318376983	2.82872096730197	15.6606999457352	4730.80296107375	229.563503213651	9.63054075871237	1714.65689444123	275.593715278319	46.4173620208399
Plekhb1	77.9245404302324	3.15060144195424	17.3010976361285	6933.4574128001	25.0856921613658	29.9967611135765	2942.77344370379	592.747080162238	152.168258261138
Ndrg1	3.85277179034598	45.6456378817851	7.23860594733362	855.208987388792	55.2723201076325	48.2266180096567	201.600607670075	4.3685112637031	40.7577992905733
Ninj2	0.840200880408644	0.363595823480141	0.337278303340664	87.095519332976	0	0.518405218788489	40.0707528826047	38.310061300225	2.39254429958418
Adssl1	0.638851023932728	0.3683662006842	20.5677896372656	233.303199023175	10.9946222242993	3.91141403222884	65.0911277719684	4.69433844895409	3.51071013415932
Gpr62	1.71619194932594	0.490968894382586	1.1045027137705	198.937900642733	0.644030131918358	6.12172540344686	90.0737843726809	5.01898913880073	4.00454523694631
Prr18	12.969104980645	20.3727739338496	7.43548739898678	638.664546641431	7.71978469228978	38.2376415145696	234.800090381041	33.482395130869	22.462716280675
Trp53inp2	277.839382074436	71.4382311537405	64.8708006607477	3325.88402438248	95.9119192671962	231.767052592328	1008.31752469354	122.230517116296	249.104095061283
Carns1	2.86122522253405	0.600731201574771	1.10387273772529	81.0342722692909	3.59283100315691	4.32776599964663	32.4947462651133	2.28610980234483	2.52694622879683
Nkx6-2	0.552846033794278	0.363595823480141	0.453422471039664	178.90002525126	1.33299789704193	0.518405218788489	98.2807026827765	0.522931526643667	0.633716878143126
Mobp	0.495606016875269	0.363595823480141	8.54321107435129	8481.99295307098	0	0.518405218788489	4831.21280768184	35.567533322748	26.4089269094225
Slpi	0.495606016875269	0.457565346079466	4.25585056103599	70.3541300470725	0	0.688304753168135	32.7314575813856	10.2106312760302	1.57762549550088
Fa2h	0.495606016875269	0.363595823480141	0.302757846066521	1289.21296459897	0	1.67701237049373	739.130711711156	85.1036861970273	24.427482904194
Slc45a3	0.495606016875269	0.363595823480141	9.47707390500698	84.3106312263966	0	1.06969028857864	33.4668327350234	0.918279939351988	1.0715438265266
Cldn14	0.495606016875269	0.363595823480141	0.278750462485001	105.206344443557	0	0.518405218788489	62.6376866778787	0.828841012354069	1.10681078690387
Ermn	0.495606016875269	0.363595823480141	0.278750462485001	404.15543961279	0	0.518405218788489	246.647041332925	2.42127579681593	1.39393330317587
Nol3	0.568819415718168	0.887584672572076	0.817731206727498	74.0617973107867	3.12986547485215	13.0509758002527	28.2533446784389	10.3705496308441	6.91952096203519
Gpr37	26.7815802421766	0.363595823480141	0.627541159926295	643.078523080026	2.46644719263677	7.30326421000521	368.783247840657	4.97897450799782	16.5207815992323
S1pr5	0.495606016875269	0.363595823480141	0.763903098669332	236.739416674043	0.523847818446353	1.15366415794409	145.532749957059	3.09304318347833	4.25937304626811
Pdlim2	5.51007087668663	28.5631807210203	17.6102095989873	686.820065275005	104.295511529568	9.13492204131573	249.657192002831	7.88616358738742	8.72286760491898
Cmtm5	357.820821288325	3.36805174216565	15.620759185718	1908.45723099245	0.971990807604293	21.9684449964693	997.355762220384	305.66807896394	119.902776106952
Cryab	25.4077529293081	24.2743025581209	14.7714985141788	1822.00435755073	230.644808565632	104.034855319521	785.793672420855	136.119318807739	105.281028179454
Efhd1	114.300956515941	3.2522955578234	1.11198298243129	318.197642160467	9.99029271752041	36.9915508901677	97.2243437084369	7.84050315734925	32.7839001712474
Tmem88b	1.46969238471268	1.25550910433075	0.537057366051351	658.401666564468	1.52802035431142	1.56346866744858	496.245878480364	17.1934509008785	12.8287750318697
Phlda3	8.76873743233346	6.32623645635508	2.08865630911542	353.623428930508	15.9042212289869	37.6123903881627	200.335707166219	61.6956602768035	19.6861543181208
Cldn11	0.853931645106173	2.58249751159946	5.18734401276056	11298.7529793312	11.2424541818574	7.41364045716356	8646.24996867649	42.2610522681017	111.94865735781
Trf	3.78676450298845	307.721716959811	1900.21768492007	6418.62702879116	146.065023205794	3.97097879186764	1657.89099647793	125.523327840725	48.2875583763352
Tppp3	38.817211290037	32.2824478488766	4.99667172765926	720.376290342393	135.471728965318	65.5336228953801	255.275394426272	24.6071918395181	89.4167397087912
Sh3gl3	2.00784865616678	0.968659269291678	2.68310978914475	954.607017000798	9.21470391727382	100.652681175153	683.644742553938	125.940606863079	90.0329585671562
Cnp	248.171402302098	26.7613507121194	112.426053261392	15873.7777250049	46.9885703162101	49.1360873892905	12520.7784936445	535.730810868363	473.409994602937
Cntn2	0.495606016875269	0.363595823480141	0.376472012118367	200.818178414391	0.992629343351889	137.801282926353	56.8236024687624	5.03002337890155	28.8500652686136
Gamt	44.0991968436674	30.2892973536187	22.7115869691175	882.874526684402	36.3978324591878	21.8176409183238	558.728364366453	20.7124497603186	35.5888190381192
Rpl34-ps1	0.495606016875269	0.363595823480141	0.278750462485001	0.336771496084873	441.030861297421	0.518405218788489	0.401450573692895	0.459568517318393	0.47253631590797
Myh11	0.495606016875269	0.94224766867408	0.278750462485001	0.336771496084873	380.18364294285	0.584882912019831	0.401450573692895	0.564644263118071	1.19028275198796
Acta2	5.49671925059201	8.39255697513007	1.39259828551031	0.816413247811311	1954.09592391778	0.518405218788489	0.466345058930351	2.46479004187822	9.00756600989038
Actg2	0.495606016875269	0.363595823480141	0.278750462485001	0.636248916693306	328.695658353221	0.518405218788489	0.961973929958731	0.459568517318393	0.47253631590797
Sumo2	0.495606016875269	0.363595823480141	0.278750462485001	0.336771496084873	206.035267489331	0.518405218788489	0.401450573692895	0.459568517318393	0.499346451351535
Hist1h2ak	0.495606016875269	0.46641708640209	0.454825979618276	0.336771496084873	223.345750771183	0.518405218788489	0.401450573692895	0.761330397159997	0.47253631590797
Rps23	1.81299867260218	3.92504963809223	2.99973268321527	2.85823357071169	1648.28518963526	3.62506254152665	5.70127860516152	5.74194556476464	4.19025988470341
Hist1h2af	0.822381366071893	1.10621847718892	0.592400482873123	0.75296381409144	460.404032084387	1.72846149643239	1.37531948415015	0.512393620541556	1.75657814857733
Crispld2	0.944793574210001	0.631462320575312	0.360155353796808	0.429307883921593	241.027492688609	1.0180182483959	0.401450573692895	1.14892359113857	2.25937096479289
Rpl10	2.06424366482702	2.20323434408556	6.0953457692592	0.401148735276457	893.364525365734	1.66317872723036	0.46775816494975	2.11445176975606	1.10415198256636
Hist1h1b	1.41645438637994	0.486674827707286	0.278750462485001	0.414739149000962	203.321016145412	0.518405218788489	0.569740661437825	0.459568517318393	0.882608056216066
Hist1h4f	0.495606016875269	0.932152430635154	0.278750462485001	0.500356566450619	149.541704702499	0.518405218788489	0.401450573692895	0.459568517318393	0.529231223090608
Rps12	1.78185726853182	1.53942653905345	1.37010172943546	0.436903765015788	370.656764241959	1.39160696931582	1.60830734635142	0.668208028495771	2.08261403046436
Odf3l1	1.0961367835832	0.363595823480141	0.278750462485001	0.435113824514097	132.98611696957	0.518405218788489	0.401450573692895	1.14431411890987	0.508011192264234
Mrvi1	0.495606016875269	1.56436739456507	0.331272624626424	0.336771496084873	163.011244269944	0.518405218788489	0.427813832867307	1.52935211193215	2.60029174063101
Ndufs5	2.78488950578484	0.363595823480141	0.278750462485001	0.336771496084873	180.650200401149	0.518405218788489	0.401450573692895	2.86754210340054	0.47253631590797
Ano1	3.36290736917621	5.45569897396687	0.278750462485001	0.336771496084873	404.775065090814	1.04281875406274	0.401450573692895	1.07171608022908	7.52651276127161
Hist2h2ac	2.20270855185171	0.722943029762916	2.89455455871043	2.00024251399374	495.38405840122	1.12247171592959	3.27727989614645	0.849110281810396	3.89367719138693
Rps16	1.27708501837445	6.09184259076949	2.08577263558102	0.353093126642626	611.055476298682	3.72166216999569	2.3436824999892	1.52987602004189	2.13750227379917
Mylk	1.95114637177608	9.08072388235623	0.278750462485001	0.84128719051214	523.291692923144	0.564561427443322	1.5746698027817	1.55881045389226	9.44855265110623
Col3a1	0.782871654406597	8.86326449224923	1.28924737028706	0.45548344845479	572.807494951678	4.23591237095559	0.401450573692895	106.551054951816	41.641999794174
Rpl35	1.71966119144406	15.5332298962895	5.96618813621909	1.48409641594918	1155.53375770278	3.29655174640647	4.17157327388629	2.12443819363739	6.10418002550967
Rpl12	4.02951233005395	3.85418299411683	3.09629044966777	0.567126567121886	586.898101151816	5.019691813268	2.35422459205438	1.82396540348687	1.72169709285806
Rpl17	2.4078374042063	9.61376263149459	0.808376341206502	0.552694224657169	529.520298783082	2.60340249646876	0.650685140611523	1.30881207399881	1.87117293054818
Rpl26	8.8609300635926	11.8023495178312	11.2598420003622	11.7025063946028	2781.56854454979	8.22176161652418	35.463950983755	56.3031039751728	17.8029695144223
Tpm2	4.26829283095437	3.12167375823816	2.34989566754712	0.336771496084873	369.070371338174	1.86787621192118	0.401450573692895	3.82864004151108	4.35420005902347
A4galt	0.495606016875269	2.50928385658349	0.367313665673422	0.336771496084873	138.350934315234	0.518405218788489	0.401450573692895	1.32129165708659	1.93391787769549
Apbb2	31.6771963011111	56.1546716015602	3.9521979259849	27.2343875877474	4868.53900154184	21.9299223046612	31.229165302535	22.9841497918029	35.0806912868971
Zfp663	0.495606016875269	0.363595823480141	0.278750462485001	0.336771496084873	66.2161617928263	0.518405218788489	0.401450573692895	0.459568517318393	0.805422399254605
Hist1h1e	8.55772573655856	0.842564237708765	1.51011669298937	14.3418805892964	1015.1604998317	2.18828951752388	8.70557411844966	2.20865412443599	1.33974126334649
Tbx18	0.498051832568549	2.75650174686323	0.278750462485001	0.336771496084873	141.667056991528	0.809940761678572	0.401450573692895	10.9784507806548	9.10729007399959
Alx4	0.495606016875269	0.363595823480141	0.278750462485001	0.336771496084873	62.7662998979665	0.518405218788489	0.401450573692895	1.63216218494145	1.38685470916357
Tbx15	0.495606016875269	1.18461519066859	0.278750462485001	0.336771496084873	83.3611528826909	0.518405218788489	0.401450573692895	1.07203088466344	3.23112929748921
Hist1h3c	0.71538993914886	2.13322396827445	0.278750462485001	0.336771496084873	114.476644999214	0.66058303409342	0.401450573692895	0.610033547731022	1.2449788305543
Usmg5	0.561625694383224	2.11140458290741	0.626703514786527	1.45445715657875	203.616659649363	1.5529320813767	1.90480870381665	1.65095164377201	4.01780145572858
Myocd	0.495606016875269	0.363595823480141	0.278750462485001	0.336771496084873	56.3208050839775	0.518405218788489	0.401450573692895	0.459568517318393	0.47253631590797
Tdg	1.05066740956498	1.03882417332776	0.494929808655993	0.527643476920896	128.398081403098	1.14636760448964	1.38078322645811	1.11427212493276	1.1037314252452
Fmod	0.814359982688767	1.60672812597962	0.407616801291816	0.391468238621497	121.44687115365	1.89911790243147	0.412558711066977	2.40326071093705	14.2752496480113
Eps8l1	0.592157503052825	0.363595823480141	0.278750462485001	0.336771496084873	57.8866572224702	0.628014226223034	0.401450573692895	0.459568517318393	0.652703387316308
Trpc6	0.495606016875269	0.363595823480141	0.278750462485001	0.336771496084873	103.939591194714	3.52983927891348	0.401450573692895	0.635971594848472	3.99618764463895
Reln	6.08576930391902	2.29146632459037	0.278750462485001	0.566958181373844	2.92556558808823	4391.60044834841	0.401450573692895	1.76898492391748	142.306148126833
Trp73	1.0638604417342	0.363595823480141	0.278750462485001	0.336771496084873	0.559082855224877	377.187832096199	0.401450573692895	0.459568517318393	9.47977942598248
Nhlh2	0.503515888904598	0.363595823480141	0.278750462485001	0.336771496084873	0.842029654690318	346.617090132354	0.401450573692895	0.459568517318393	7.38795251247897
Slc17a6	0.647878487530111	0.597353396374641	0.278750462485001	0.336771496084873	0.69159770066236	323.034823769535	0.401450573692895	0.608631863753201	35.5836967444548
Lhx5	0.495606016875269	0.363595823480141	0.278750462485001	0.336771496084873	0	160.139687807211	0.401450573692895	0.459568517318393	2.82715642589843
5330417C22Rik	0.570179854234491	0.363595823480141	0.441910076939033	0.336771496084873	0	180.820948197585	0.401450573692895	1.25458298895524	11.9243783261271
Npy	3.4425611682084	7.53824677434378	5.24296030503557	10.8316186734423	2.80135674643286	3350.94404280605	7.51940810835927	60.6643103972931	297.277901345411
Sst	10.3706178538671	9.21214922871136	7.00309246908467	13.9737657700709	0	3659.06888706873	2.55569256246215	17.095133110126	446.443139339958
Ecel1	1.18295208955924	0.546168194324224	0.278750462485001	0.336771496084873	0	172.023772340362	0.436756144396317	2.17975875390959	7.11166052856758
Snhg11	2.88466243107208	1.39788777486822	6.77026057028482	2.64818750474607	6.01055980600729	1580.55021012858	1.47437139145026	7.04001292682855	189.110451235317
Tmem130	1.5223629141561	2.33984638486263	2.28401996450035	4.0186757403485	0.825285791558484	766.022054748682	3.55071791815302	24.2290680548389	202.506375379387
Celf6	0.665911112454118	0.435527803218334	0.685126824218759	0.900070655153754	0.366413167709217	178.238313014181	0.59849255152571	2.29095595235995	24.6007855980533
Gdf5	1.60258913813779	0.363595823480141	0.278750462485001	0.336771496084873	0.238680104794678	134.360090939852	0.401450573692895	0.594729916104319	3.96288643533586
Mrap2	0.495606016875269	0.363595823480141	0.665552966743062	0.336771496084873	0.507068973225156	124.113210440444	0.401450573692895	0.528846173461554	6.07613814540264
Igfbpl1	1.98913705099965	0.382764595294014	0.278750462485001	0.531686418731395	1.06946077531312	168.501040396998	0.401450573692895	1.08349252348536	50.9050142110811
Islr2	1.90308745631968	6.15233948185923	1.51654607240658	3.34146699044387	4.4814298915794	707.360823565712	1.30447750866343	4.43416522208721	208.30231996603
Grm2	1.04008622110469	0.363595823480141	1.52942016251645	1.61119734628657	0.324072281906726	190.431452594591	0.401450573692895	3.25237329059003	38.354290573339
Npas4	10.0291106158189	0.848238150534172	1.01906709077116	1.07619877989118	0.761568158225171	429.620958532802	1.3829028854872	6.30845337822044	22.4139048543628
Slc32a1	0.916050903261319	1.30967761011282	1.33963012262892	3.01567929670381	0.651165581171786	251.966991881239	0.436483158006205	5.06788263335824	81.9565363936099
Mab21l1	1.24733874524159	0.813916522776765	0.278750462485001	0.336771496084873	2.08767548063922	163.315808837241	0.516915787698445	1.11168475418026	3.43556740920363
Cacna2d2	10.6260160245134	0.407899974571196	0.307524478975015	0.462722351763134	4.51138891170065	464.796297475153	2.24289231170499	12.3487209524746	24.8185681353289
Thsd7b	0.649813829026009	0.363595823480141	0.278750462485001	0.336771496084873	1.30062959763788	179.790026843293	4.95338220813026	26.1039881176834	13.9565727316841
L1cam	1.56237566592853	0.737801373089432	1.05530604464653	1.19143019884906	3.80548533044207	312.824254963677	4.50419313946667	17.9803287119162	235.964600624646
Dlx1	3.20326771508052	0.424225427045454	0.360836898677584	1.16630872909861	6.73807962756234	313.100093196542	0.472645825684461	1.06392869170312	107.187635033211
Tbr1	1.04992152250958	0.622197898993038	1.92178234474878	2.32923964009149	2.44856596311231	218.07244301661	0.608864027097066	4.14527126073052	53.4993425434053
Calb2	2.09602687868923	2.92447029145723	0.597613116521593	4.25036274265253	3.7614769650466	569.568032116842	13.2328506659037	73.7395884950648	51.5194642085036
Gap43	12.601729586546	8.19626249790785	6.50875500516145	23.6686392001984	6.73543354644384	1795.90762245295	30.9209215157892	223.869857710466	1216.14869056701
Celf4	5.23925935891556	2.05597258163875	5.72291703259918	8.00776778862342	3.80639217383556	628.730592250695	4.64155748226717	24.9432559134924	275.128260850598
Gabrg2	0.709668167684035	0.885068589473593	0.487177758294285	1.77752373663045	0.364705324166976	125.110855363742	2.00301957216488	16.9804523823144	90.2295037472739
Syt1	3.97051291177504	3.42843591855012	2.89555806037538	10.3026297943946	5.16869340106734	638.954310404928	5.44051036326069	38.6750873821606	386.620813555325
Dlx2	3.08624522237593	0.363595823480141	0.334278948364325	2.45762872140141	1.22484493742759	160.492651776501	1.38354922091085	0.957729300878599	41.8471451352412
Cpne7	0.495606016875269	0.893447655225693	2.31729858846412	1.0313643906174	0.460512297166083	124.357195264641	1.14078402998728	7.07407844317478	40.2835571185649
Bcl11a	3.94890201140919	1.02873438922618	1.5808342915695	3.18414923762026	5.10821923530164	311.395491300304	1.58386904267787	7.83692541644192	98.0135535260785
March4	0.743228129116744	0.363595823480141	0.406121305060584	0.872847731267733	2.70292252882492	112.983688031474	0.458807824409267	2.23981746559535	39.5373198928778
Vstm2l	0.871473620073473	1.86007624184323	6.0830180300558	7.0216334937877	0	323.117988926759	1.5379049592429	8.81838683555485	221.19321619711
Celsr3	1.47411071235313	0.363595823480141	0.607020944630461	0.843397063935111	0.641205552446448	106.192789619459	2.7487862739027	8.54385668820694	37.4657947146267
Car10	2.92070042258917	0.363595823480141	1.02508810076084	1.80836190252694	2.57903480481037	211.739371581541	4.30741812626536	31.6880466204808	25.9141672105774
Nppc	3.79341305770483	0.370264170882766	0.278750462485001	3.68200695956993	0.602777278792725	156.208582152746	1.6500702495327	3.30889792037761	13.2551839277397
Syt4	14.7124016230338	1.86339950766984	0.94215844441924	2.07492159325056	2.3243777519199	426.156762314717	9.45327581195268	24.3491027558773	175.592269345354
Ache	2.52215636608884	2.12919714452941	7.5836711448438	2.04923434738668	7.51725633441027	660.973686122117	18.9218850285676	93.914375259917	84.9104727379453
Neu4	0.495606016875269	0.363595823480141	0.646929648344439	16.0594589996237	1.19770152701175	2.33278978820898	370.498236662461	456.148350966445	38.8907043484314
Tnr	3.42324492370069	0.363595823480141	0.278750462485001	16.5699439688191	6.60336270444828	17.3294492396709	633.066639138806	507.846665716106	110.048607732997
Gpr17	0.885863540773447	0.638323373764383	2.78888862089624	224.20447681156	16.6658530725543	30.9254399985925	3712.82293318467	2011.90932647282	355.073195971298
5730559C18Rik	1.15842454778409	0.363595823480141	0.278750462485001	2.60008643196027	0.929949512003015	4.9145151704541	89.5098567155502	129.589810674846	22.8118812401047
3110035E14Rik	1.47823663244361	1.67332251902913	3.94313156719257	22.0941061666906	9.38068944641862	44.2433996705735	606.395842730657	1226.87578457568	266.496984959792
C1ql1	3.06742210585501	0.396775760351821	1.84653365740095	5.59787642679205	5.32124760184999	43.2805526975871	367.272964688137	1617.90924873099	113.565019805368
Sema3d	0.495606016875269	0.363595823480141	0.278750462485001	7.85344056668505	2.70772852971742	2.41871026917098	106.060154414751	116.341688857711	14.2455964190671
Matn4	2.48664867300981	0.590345086877061	1.81744325913602	61.1809358706703	8.26114597983395	26.381330541015	651.546523071232	1677.38746563547	147.283599959723
1810041L15Rik	5.98123608283969	0.390401925566214	1.12049741530789	58.5615776898465	2.49098757681333	27.9325829894828	416.724007661144	110.606236996096	49.8638560447884
Bmp4	0.495606016875269	3.49528482867606	0.318989485497023	6.26385384730224	16.7107467539036	1.77974473270104	148.842748074962	48.2343836878084	23.7996412275787
Kif19a	1.45975796210442	0.363595823480141	1.45906772704218	39.0498858708592	0.620201050225515	3.63823781016216	208.020139561906	8.78958108088933	12.5381431458915
Enpp6	0.495606016875269	0.363595823480141	0.278750462485001	163.574049518537	0.943825740783723	1.40910573747603	731.167602363476	2.66050418850602	42.9572762773249
Pdgfra	0.619755324102524	1.42578648240385	0.888691318209992	2.43387622778254	34.036317183014	45.8911273302578	318.951121888813	2734.48771597007	356.871061192918
Tmem108	9.53251090887977	0.369224286827613	0.473817248627379	18.89600953756	0.466611738388372	18.5334479523332	153.892540645617	19.841735162509	32.7525269101132
Nfasc	22.8864787419293	0.363595823480141	1.48580965266067	596.196679296217	2.70050069186901	233.952387200104	2909.97564440785	71.692651936188	130.738747360559
Col9a3	93.058905972094	0.975583951749857	1.50508942839845	97.5852155903008	18.5041439290537	43.6875733710667	733.05397043519	180.816424298331	126.665830844064
Plxnb3	0.756255133270311	0.363595823480141	6.34979894768169	220.740990772654	2.92513234836612	2.6729180442822	755.37737628345	85.779481701744	37.8215909336896
Ust	1.34805827802107	1.844463437183	5.27152804618334	51.2894249316937	6.14691371150822	105.401451829056	400.832616810304	54.6146676252857	38.6311606266769
Dscam	0.495606016875269	0.363595823480141	0.359730259341518	6.11020521992848	2.50508087394342	46.3764764402703	109.99383008592	199.79499557377	46.2554127995309
Sulf2	6.61080688410643	1.48594522937776	21.0361099267728	170.508573697147	30.7006762948081	78.9926898758893	788.342231206622	1197.68750345909	199.352943653202
Lims2	1.52533655025735	105.633225757747	4.58359977981661	168.868122694853	19.2355297199717	10.1747729255009	820.230644590506	386.952546274061	80.0880017908255
Nkx2-2	33.0075168397882	0.363595823480141	0.278750462485001	25.5682426041596	3.59525373708947	5.46583393658347	150.570583315124	98.3594919997719	37.1543050756644
Chadl	69.1151657825453	0.798527329547968	2.63551454142775	87.2660637863084	6.53843146170706	27.2266472748237	422.89558762064	463.513297217758	59.6543028965435
Susd4	9.9313721532309	3.02931860109508	3.58183194274726	16.7041474100089	14.3748222215639	54.3301551660024	213.386174821988	198.109107531312	71.7004711576117
Gjc3	0.495606016875269	0.363595823480141	0.278750462485001	106.340912459149	0.363524005918482	1.02196072008478	267.667888606265	72.7990332696784	20.2278305726514
Cntn1	7.61111328826663	1.54580219181817	1.02432850575057	68.1667823414265	14.7271815591157	197.901557748185	526.840876326142	1293.22537344171	373.833259441413
3632451O06Rik	1.83201755349977	1.02516206026049	0.366257201420604	10.3196940061012	13.3395317717454	18.7994935106155	95.1799727199288	279.953324699842	45.0965096091613
Col11a2	13.4125757225751	0.860918554878042	2.29052181903781	65.083770635653	7.62337046609839	17.2493012008201	217.746855403118	137.893154477357	24.4769716325591
Prkcq	0.495606016875269	0.586460065503176	5.92392538484942	81.8841218750909	6.33880841119799	7.76378948611596	214.481578879125	228.148199333228	37.9744737582175
Gp1bb	30.0534323959024	4.72470047873475	16.7259476256262	27.0378191170551	28.1768800030554	53.1120636074672	292.746676561353	41.0110534751067	126.258288748167
Dusp15	22.5205232590686	0.429155786411845	1.14297864010731	158.299956995083	4.21685227693621	22.2329379311213	396.783783034818	65.4544298187841	40.6727789814941
Adamts4	2.42264115593037	13.896556018288	1.11858658088756	204.838334265465	29.2837222802713	5.4688173586176	506.828800076137	6.66907219807501	24.0805404405702
S100a1	249.112667161468	105.989987797725	55.050122210654	249.500385777695	41.1863423070099	40.6806831326844	1242.48385910466	1972.76449572637	306.45746899917
Ssh3	37.1379742033593	1.41190802982161	9.49808890237372	47.4605216132465	5.91048681205919	40.8042294644261	220.913465412362	9.99328064360708	39.7736353044634
Fyn	182.395057436309	147.692698034777	26.6853058245586	202.665029931206	259.432825669861	227.482055023231	1788.55080959532	371.083484522076	382.35882738323
Tmem163	1.48581692647172	1.64324769048997	1.47698859427534	321.895938757303	9.85907220938936	397.339691893094	1100.95391059306	215.88787638506	80.179059538901
Abtb2	89.5608071936346	2.19391356515064	2.05804532707763	68.4501014656528	17.2315044877896	32.8920387083537	318.691847043046	205.495056063867	53.7088761717263
Kndc1	1.33151742720786	0.363595823480141	0.651471887130632	188.29992557954	3.64658860776488	13.9258727358455	366.827125724511	6.14905663367373	19.538351258989
Vcan	152.677204830493	0.84192430905944	0.509547482908706	5.92727094325518	39.0305037767583	52.7330134875674	346.223182864699	743.244753726652	134.521228881207
Tmem132b	45.9285257345256	0.363595823480141	0.374434346237602	13.4100338596295	3.34411731755156	28.6128317255509	120.86319870954	164.768128526749	62.0330192084032
